"county","fipscode","year","age","malepopulation","femalepopulation","totalpopulation"
"Douglas","35","1990","0","635","600","1235"
"Douglas","35","1990","1","608","602","1210"
"Douglas","35","1990","2","585","594","1179"
"Douglas","35","1990","3","614","539","1153"
"Douglas","35","1990","4","613","562","1175"
"Douglas","35","1990","5","602","579","1181"
"Douglas","35","1990","6","603","559","1162"
"Douglas","35","1990","7","567","547","1114"
"Douglas","35","1990","8","539","512","1051"
"Douglas","35","1990","9","581","531","1112"
"Douglas","35","1990","10","546","526","1072"
"Douglas","35","1990","11","522","482","1004"
"Douglas","35","1990","12","527","487","1014"
"Douglas","35","1990","13","493","450","943"
"Douglas","35","1990","14","476","422","898"
"Douglas","35","1990","15","463","436","899"
"Douglas","35","1990","16","459","386","845"
"Douglas","35","1990","17","450","407","857"
"Douglas","35","1990","18","371","314","685"
"Douglas","35","1990","19","296","273","569"
"Douglas","35","1990","20","236","239","475"
"Douglas","35","1990","21","185","200","385"
"Douglas","35","1990","22","172","214","386"
"Douglas","35","1990","23","187","238","425"
"Douglas","35","1990","24","261","309","570"
"Douglas","35","1990","25","308","399","707"
"Douglas","35","1990","26","373","497","870"
"Douglas","35","1990","27","431","566","997"
"Douglas","35","1990","28","498","619","1117"
"Douglas","35","1990","29","584","702","1286"
"Douglas","35","1990","30","681","749","1430"
"Douglas","35","1990","31","698","752","1450"
"Douglas","35","1990","32","706","776","1482"
"Douglas","35","1990","33","726","750","1476"
"Douglas","35","1990","34","728","769","1497"
"Douglas","35","1990","35","715","774","1489"
"Douglas","35","1990","36","722","707","1429"
"Douglas","35","1990","37","713","721","1434"
"Douglas","35","1990","38","674","712","1386"
"Douglas","35","1990","39","741","736","1477"
"Douglas","35","1990","40","682","683","1365"
"Douglas","35","1990","41","670","666","1336"
"Douglas","35","1990","42","699","699","1398"
"Douglas","35","1990","43","659","623","1282"
"Douglas","35","1990","44","507","461","968"
"Douglas","35","1990","45","493","483","976"
"Douglas","35","1990","46","512","424","936"
"Douglas","35","1990","47","515","414","929"
"Douglas","35","1990","48","395","365","760"
"Douglas","35","1990","49","367","353","720"
"Douglas","35","1990","50","355","314","669"
"Douglas","35","1990","51","317","300","617"
"Douglas","35","1990","52","297","248","545"
"Douglas","35","1990","53","250","245","495"
"Douglas","35","1990","54","264","234","498"
"Douglas","35","1990","55","262","193","455"
"Douglas","35","1990","56","213","186","399"
"Douglas","35","1990","57","200","165","365"
"Douglas","35","1990","58","177","151","328"
"Douglas","35","1990","59","201","157","358"
"Douglas","35","1990","60","180","154","334"
"Douglas","35","1990","61","174","148","322"
"Douglas","35","1990","62","153","148","301"
"Douglas","35","1990","63","141","138","279"
"Douglas","35","1990","64","125","125","250"
"Douglas","35","1990","65","128","113","241"
"Douglas","35","1990","66","119","90","209"
"Douglas","35","1990","67","107","104","211"
"Douglas","35","1990","68","111","112","223"
"Douglas","35","1990","69","95","97","192"
"Douglas","35","1990","70","72","86","158"
"Douglas","35","1990","71","72","79","151"
"Douglas","35","1990","72","69","82","151"
"Douglas","35","1990","73","53","56","109"
"Douglas","35","1990","74","54","49","103"
"Douglas","35","1990","75","42","59","101"
"Douglas","35","1990","76","38","51","89"
"Douglas","35","1990","77","41","35","76"
"Douglas","35","1990","78","30","46","76"
"Douglas","35","1990","79","22","36","58"
"Douglas","35","1990","80","23","35","58"
"Douglas","35","1990","81","23","27","50"
"Douglas","35","1990","82","14","28","42"
"Douglas","35","1990","83","11","26","37"
"Douglas","35","1990","84","14","22","36"
"Douglas","35","1990","85","11","24","35"
"Douglas","35","1990","86","9","16","25"
"Douglas","35","1990","87","4","17","21"
"Douglas","35","1990","88","6","16","22"
"Douglas","35","1990","89","7","10","17"
"Douglas","35","1990","90","12","48","60"
"Douglas","35","1991","0","683","645","1328"
"Douglas","35","1991","1","659","649","1308"
"Douglas","35","1991","2","636","640","1276"
"Douglas","35","1991","3","664","591","1255"
"Douglas","35","1991","4","665","613","1278"
"Douglas","35","1991","5","655","627","1282"
"Douglas","35","1991","6","651","609","1260"
"Douglas","35","1991","7","620","596","1216"
"Douglas","35","1991","8","591","563","1154"
"Douglas","35","1991","9","626","581","1207"
"Douglas","35","1991","10","595","570","1165"
"Douglas","35","1991","11","568","526","1094"
"Douglas","35","1991","12","570","530","1100"
"Douglas","35","1991","13","538","489","1027"
"Douglas","35","1991","14","516","460","976"
"Douglas","35","1991","15","501","475","976"
"Douglas","35","1991","16","494","424","918"
"Douglas","35","1991","17","481","439","920"
"Douglas","35","1991","18","393","337","730"
"Douglas","35","1991","19","312","284","596"
"Douglas","35","1991","20","249","250","499"
"Douglas","35","1991","21","199","213","412"
"Douglas","35","1991","22","186","228","414"
"Douglas","35","1991","23","204","252","456"
"Douglas","35","1991","24","277","325","602"
"Douglas","35","1991","25","327","420","747"
"Douglas","35","1991","26","393","518","911"
"Douglas","35","1991","27","458","595","1053"
"Douglas","35","1991","28","532","654","1186"
"Douglas","35","1991","29","628","743","1371"
"Douglas","35","1991","30","723","792","1515"
"Douglas","35","1991","31","741","795","1536"
"Douglas","35","1991","32","742","818","1560"
"Douglas","35","1991","33","764","797","1561"
"Douglas","35","1991","34","773","815","1588"
"Douglas","35","1991","35","766","828","1594"
"Douglas","35","1991","36","775","768","1543"
"Douglas","35","1991","37","767","782","1549"
"Douglas","35","1991","38","733","773","1506"
"Douglas","35","1991","39","798","792","1590"
"Douglas","35","1991","40","736","743","1479"
"Douglas","35","1991","41","725","719","1444"
"Douglas","35","1991","42","755","749","1504"
"Douglas","35","1991","43","705","673","1378"
"Douglas","35","1991","44","557","519","1076"
"Douglas","35","1991","45","541","533","1074"
"Douglas","35","1991","46","554","473","1027"
"Douglas","35","1991","47","557","463","1020"
"Douglas","35","1991","48","440","412","852"
"Douglas","35","1991","49","412","398","810"
"Douglas","35","1991","50","398","361","759"
"Douglas","35","1991","51","358","344","702"
"Douglas","35","1991","52","343","292","635"
"Douglas","35","1991","53","295","286","581"
"Douglas","35","1991","54","294","262","556"
"Douglas","35","1991","55","289","221","510"
"Douglas","35","1991","56","245","213","458"
"Douglas","35","1991","57","231","191","422"
"Douglas","35","1991","58","201","173","374"
"Douglas","35","1991","59","220","173","393"
"Douglas","35","1991","60","196","169","365"
"Douglas","35","1991","61","189","162","351"
"Douglas","35","1991","62","166","158","324"
"Douglas","35","1991","63","153","148","301"
"Douglas","35","1991","64","136","134","270"
"Douglas","35","1991","65","138","121","259"
"Douglas","35","1991","66","126","98","224"
"Douglas","35","1991","67","114","111","225"
"Douglas","35","1991","68","119","118","237"
"Douglas","35","1991","69","101","103","204"
"Douglas","35","1991","70","79","92","171"
"Douglas","35","1991","71","78","85","163"
"Douglas","35","1991","72","75","88","163"
"Douglas","35","1991","73","59","62","121"
"Douglas","35","1991","74","59","57","116"
"Douglas","35","1991","75","47","65","112"
"Douglas","35","1991","76","42","55","97"
"Douglas","35","1991","77","45","39","84"
"Douglas","35","1991","78","33","50","83"
"Douglas","35","1991","79","25","40","65"
"Douglas","35","1991","80","26","38","64"
"Douglas","35","1991","81","25","30","55"
"Douglas","35","1991","82","17","30","47"
"Douglas","35","1991","83","13","27","40"
"Douglas","35","1991","84","15","24","39"
"Douglas","35","1991","85","12","26","38"
"Douglas","35","1991","86","10","17","27"
"Douglas","35","1991","87","5","19","24"
"Douglas","35","1991","88","7","17","24"
"Douglas","35","1991","89","7","11","18"
"Douglas","35","1991","90","13","51","64"
"Douglas","35","1992","0","767","725","1492"
"Douglas","35","1992","1","746","730","1476"
"Douglas","35","1992","2","720","720","1440"
"Douglas","35","1992","3","750","674","1424"
"Douglas","35","1992","4","752","696","1448"
"Douglas","35","1992","5","743","708","1451"
"Douglas","35","1992","6","734","691","1425"
"Douglas","35","1992","7","706","675","1381"
"Douglas","35","1992","8","675","644","1319"
"Douglas","35","1992","9","704","661","1365"
"Douglas","35","1992","10","675","645","1320"
"Douglas","35","1992","11","644","598","1242"
"Douglas","35","1992","12","644","601","1245"
"Douglas","35","1992","13","611","554","1165"
"Douglas","35","1992","14","583","523","1106"
"Douglas","35","1992","15","567","539","1106"
"Douglas","35","1992","16","555","483","1038"
"Douglas","35","1992","17","539","495","1034"
"Douglas","35","1992","18","437","379","816"
"Douglas","35","1992","19","345","310","655"
"Douglas","35","1992","20","276","275","551"
"Douglas","35","1992","21","223","238","461"
"Douglas","35","1992","22","209","254","463"
"Douglas","35","1992","23","231","281","512"
"Douglas","35","1992","24","307","360","667"
"Douglas","35","1992","25","364","463","827"
"Douglas","35","1992","26","433","568","1001"
"Douglas","35","1992","27","508","656","1164"
"Douglas","35","1992","28","594","724","1318"
"Douglas","35","1992","29","705","823","1528"
"Douglas","35","1992","30","804","877","1681"
"Douglas","35","1992","31","823","881","1704"
"Douglas","35","1992","32","818","905","1723"
"Douglas","35","1992","33","844","886","1730"
"Douglas","35","1992","34","859","904","1763"
"Douglas","35","1992","35","857","927","1784"
"Douglas","35","1992","36","869","870","1739"
"Douglas","35","1992","37","862","884","1746"
"Douglas","35","1992","38","831","874","1705"
"Douglas","35","1992","39","898","889","1787"
"Douglas","35","1992","40","830","842","1672"
"Douglas","35","1992","41","820","810","1630"
"Douglas","35","1992","42","851","839","1690"
"Douglas","35","1992","43","788","760","1548"
"Douglas","35","1992","44","636","604","1240"
"Douglas","35","1992","45","617","611","1228"
"Douglas","35","1992","46","626","546","1172"
"Douglas","35","1992","47","629","537","1166"
"Douglas","35","1992","48","508","481","989"
"Douglas","35","1992","49","479","464","943"
"Douglas","35","1992","50","462","427","889"
"Douglas","35","1992","51","418","406","824"
"Douglas","35","1992","52","408","351","759"
"Douglas","35","1992","53","356","342","698"
"Douglas","35","1992","54","340","303","643"
"Douglas","35","1992","55","331","260","591"
"Douglas","35","1992","56","290","251","541"
"Douglas","35","1992","57","273","227","500"
"Douglas","35","1992","58","235","204","439"
"Douglas","35","1992","59","250","197","447"
"Douglas","35","1992","60","223","192","415"
"Douglas","35","1992","61","214","186","400"
"Douglas","35","1992","62","187","176","363"
"Douglas","35","1992","63","173","165","338"
"Douglas","35","1992","64","153","150","303"
"Douglas","35","1992","65","156","135","291"
"Douglas","35","1992","66","140","112","252"
"Douglas","35","1992","67","127","125","252"
"Douglas","35","1992","68","134","131","265"
"Douglas","35","1992","69","113","114","227"
"Douglas","35","1992","70","91","103","194"
"Douglas","35","1992","71","89","96","185"
"Douglas","35","1992","72","84","99","183"
"Douglas","35","1992","73","69","72","141"
"Douglas","35","1992","74","67","68","135"
"Douglas","35","1992","75","55","73","128"
"Douglas","35","1992","76","49","62","111"
"Douglas","35","1992","77","51","46","97"
"Douglas","35","1992","78","37","58","95"
"Douglas","35","1992","79","30","46","76"
"Douglas","35","1992","80","30","44","74"
"Douglas","35","1992","81","28","35","63"
"Douglas","35","1992","82","20","34","54"
"Douglas","35","1992","83","15","31","46"
"Douglas","35","1992","84","17","27","44"
"Douglas","35","1992","85","13","29","42"
"Douglas","35","1992","86","10","20","30"
"Douglas","35","1992","87","6","21","27"
"Douglas","35","1992","88","7","19","26"
"Douglas","35","1992","89","8","13","21"
"Douglas","35","1992","90","15","56","71"
"Douglas","35","1993","0","842","795","1637"
"Douglas","35","1993","1","824","802","1626"
"Douglas","35","1993","2","797","791","1588"
"Douglas","35","1993","3","827","751","1578"
"Douglas","35","1993","4","831","772","1603"
"Douglas","35","1993","5","822","781","1603"
"Douglas","35","1993","6","808","766","1574"
"Douglas","35","1993","7","784","748","1532"
"Douglas","35","1993","8","752","718","1470"
"Douglas","35","1993","9","773","735","1508"
"Douglas","35","1993","10","747","712","1459"
"Douglas","35","1993","11","713","663","1376"
"Douglas","35","1993","12","710","664","1374"
"Douglas","35","1993","13","677","614","1291"
"Douglas","35","1993","14","644","580","1224"
"Douglas","35","1993","15","625","597","1222"
"Douglas","35","1993","16","609","538","1147"
"Douglas","35","1993","17","589","544","1133"
"Douglas","35","1993","18","473","415","888"
"Douglas","35","1993","19","373","330","703"
"Douglas","35","1993","20","299","294","593"
"Douglas","35","1993","21","245","260","505"
"Douglas","35","1993","22","230","276","506"
"Douglas","35","1993","23","257","305","562"
"Douglas","35","1993","24","333","387","720"
"Douglas","35","1993","25","395","499","894"
"Douglas","35","1993","26","467","608","1075"
"Douglas","35","1993","27","551","706","1257"
"Douglas","35","1993","28","647","782","1429"
"Douglas","35","1993","29","773","889","1662"
"Douglas","35","1993","30","872","948","1820"
"Douglas","35","1993","31","893","952","1845"
"Douglas","35","1993","32","879","976","1855"
"Douglas","35","1993","33","909","962","1871"
"Douglas","35","1993","34","932","979","1911"
"Douglas","35","1993","35","936","1013","1949"
"Douglas","35","1993","36","951","962","1913"
"Douglas","35","1993","37","946","977","1923"
"Douglas","35","1993","38","919","964","1883"
"Douglas","35","1993","39","986","975","1961"
"Douglas","35","1993","40","913","932","1845"
"Douglas","35","1993","41","904","891","1795"
"Douglas","35","1993","42","936","918","1854"
"Douglas","35","1993","43","859","837","1696"
"Douglas","35","1993","44","710","686","1396"
"Douglas","35","1993","45","686","684","1370"
"Douglas","35","1993","46","690","616","1306"
"Douglas","35","1993","47","693","607","1300"
"Douglas","35","1993","48","572","547","1119"
"Douglas","35","1993","49","543","527","1070"
"Douglas","35","1993","50","524","492","1016"
"Douglas","35","1993","51","476","467","943"
"Douglas","35","1993","52","472","411","883"
"Douglas","35","1993","53","417","398","815"
"Douglas","35","1993","54","383","342","725"
"Douglas","35","1993","55","371","299","670"
"Douglas","35","1993","56","334","289","623"
"Douglas","35","1993","57","315","263","578"
"Douglas","35","1993","58","267","235","502"
"Douglas","35","1993","59","278","220","498"
"Douglas","35","1993","60","246","214","460"
"Douglas","35","1993","61","236","207","443"
"Douglas","35","1993","62","206","192","398"
"Douglas","35","1993","63","190","181","371"
"Douglas","35","1993","64","169","163","332"
"Douglas","35","1993","65","171","146","317"
"Douglas","35","1993","66","151","125","276"
"Douglas","35","1993","67","138","136","274"
"Douglas","35","1993","68","147","141","288"
"Douglas","35","1993","69","123","124","247"
"Douglas","35","1993","70","101","113","214"
"Douglas","35","1993","71","98","105","203"
"Douglas","35","1993","72","92","109","201"
"Douglas","35","1993","73","77","80","157"
"Douglas","35","1993","74","74","79","153"
"Douglas","35","1993","75","63","81","144"
"Douglas","35","1993","76","56","68","124"
"Douglas","35","1993","77","56","52","108"
"Douglas","35","1993","78","42","64","106"
"Douglas","35","1993","79","34","51","85"
"Douglas","35","1993","80","34","49","83"
"Douglas","35","1993","81","31","40","71"
"Douglas","35","1993","82","23","38","61"
"Douglas","35","1993","83","17","34","51"
"Douglas","35","1993","84","19","29","48"
"Douglas","35","1993","85","15","32","47"
"Douglas","35","1993","86","11","21","32"
"Douglas","35","1993","87","7","23","30"
"Douglas","35","1993","88","8","21","29"
"Douglas","35","1993","89","9","14","23"
"Douglas","35","1993","90","17","61","78"
"Douglas","35","1994","0","931","879","1810"
"Douglas","35","1994","1","918","889","1807"
"Douglas","35","1994","2","889","877","1766"
"Douglas","35","1994","3","921","843","1764"
"Douglas","35","1994","4","926","864","1790"
"Douglas","35","1994","5","918","869","1787"
"Douglas","35","1994","6","896","856","1752"
"Douglas","35","1994","7","879","835","1714"
"Douglas","35","1994","8","845","809","1654"
"Douglas","35","1994","9","856","824","1680"
"Douglas","35","1994","10","834","793","1627"
"Douglas","35","1994","11","796","742","1538"
"Douglas","35","1994","12","789","742","1531"
"Douglas","35","1994","13","757","685","1442"
"Douglas","35","1994","14","717","649","1366"
"Douglas","35","1994","15","696","667","1363"
"Douglas","35","1994","16","675","605","1280"
"Douglas","35","1994","17","649","604","1253"
"Douglas","35","1994","18","518","459","977"
"Douglas","35","1994","19","406","355","761"
"Douglas","35","1994","20","327","318","645"
"Douglas","35","1994","21","272","286","558"
"Douglas","35","1994","22","255","303","558"
"Douglas","35","1994","23","287","334","621"
"Douglas","35","1994","24","364","421","785"
"Douglas","35","1994","25","433","542","975"
"Douglas","35","1994","26","507","655","1162"
"Douglas","35","1994","27","603","766","1369"
"Douglas","35","1994","28","711","851","1562"
"Douglas","35","1994","29","855","969","1824"
"Douglas","35","1994","30","954","1033","1987"
"Douglas","35","1994","31","976","1037","2013"
"Douglas","35","1994","32","953","1062","2015"
"Douglas","35","1994","33","988","1053","2041"
"Douglas","35","1994","34","1019","1070","2089"
"Douglas","35","1994","35","1032","1117","2149"
"Douglas","35","1994","36","1051","1072","2123"
"Douglas","35","1994","37","1046","1088","2134"
"Douglas","35","1994","38","1026","1074","2100"
"Douglas","35","1994","39","1093","1079","2172"
"Douglas","35","1994","40","1014","1041","2055"
"Douglas","35","1994","41","1006","988","1994"
"Douglas","35","1994","42","1038","1013","2051"
"Douglas","35","1994","43","946","930","1876"
"Douglas","35","1994","44","799","785","1584"
"Douglas","35","1994","45","771","772","1543"
"Douglas","35","1994","46","768","701","1469"
"Douglas","35","1994","47","771","693","1464"
"Douglas","35","1994","48","650","628","1278"
"Douglas","35","1994","49","620","605","1225"
"Douglas","35","1994","50","599","570","1169"
"Douglas","35","1994","51","546","542","1088"
"Douglas","35","1994","52","550","484","1034"
"Douglas","35","1994","53","492","466","958"
"Douglas","35","1994","54","436","389","825"
"Douglas","35","1994","55","418","346","764"
"Douglas","35","1994","56","388","335","723"
"Douglas","35","1994","57","367","307","674"
"Douglas","35","1994","58","307","272","579"
"Douglas","35","1994","59","311","248","559"
"Douglas","35","1994","60","275","241","516"
"Douglas","35","1994","61","262","233","495"
"Douglas","35","1994","62","229","211","440"
"Douglas","35","1994","63","212","199","411"
"Douglas","35","1994","64","188","180","368"
"Douglas","35","1994","65","190","161","351"
"Douglas","35","1994","66","164","140","304"
"Douglas","35","1994","67","151","150","301"
"Douglas","35","1994","68","162","154","316"
"Douglas","35","1994","69","135","136","271"
"Douglas","35","1994","70","114","125","239"
"Douglas","35","1994","71","109","117","226"
"Douglas","35","1994","72","102","121","223"
"Douglas","35","1994","73","88","91","179"
"Douglas","35","1994","74","83","92","175"
"Douglas","35","1994","75","72","91","163"
"Douglas","35","1994","76","63","76","139"
"Douglas","35","1994","77","63","59","122"
"Douglas","35","1994","78","47","73","120"
"Douglas","35","1994","79","39","58","97"
"Douglas","35","1994","80","38","55","93"
"Douglas","35","1994","81","34","46","80"
"Douglas","35","1994","82","27","43","70"
"Douglas","35","1994","83","19","38","57"
"Douglas","35","1994","84","21","32","53"
"Douglas","35","1994","85","16","35","51"
"Douglas","35","1994","86","12","24","36"
"Douglas","35","1994","87","9","25","34"
"Douglas","35","1994","88","9","23","32"
"Douglas","35","1994","89","10","16","26"
"Douglas","35","1994","90","19","67","86"
"Douglas","35","1995","0","1039","980","2019"
"Douglas","35","1995","1","1031","993","2024"
"Douglas","35","1995","2","1000","980","1980"
"Douglas","35","1995","3","1033","955","1988"
"Douglas","35","1995","4","1040","975","2015"
"Douglas","35","1995","5","1033","975","2008"
"Douglas","35","1995","6","1003","966","1969"
"Douglas","35","1995","7","994","940","1934"
"Douglas","35","1995","8","957","918","1875"
"Douglas","35","1995","9","956","931","1887"
"Douglas","35","1995","10","940","890","1830"
"Douglas","35","1995","11","896","837","1733"
"Douglas","35","1995","12","885","835","1720"
"Douglas","35","1995","13","853","771","1624"
"Douglas","35","1995","14","805","732","1537"
"Douglas","35","1995","15","781","752","1533"
"Douglas","35","1995","16","753","685","1438"
"Douglas","35","1995","17","722","675","1397"
"Douglas","35","1995","18","570","512","1082"
"Douglas","35","1995","19","446","383","829"
"Douglas","35","1995","20","359","347","706"
"Douglas","35","1995","21","304","317","621"
"Douglas","35","1995","22","285","336","621"
"Douglas","35","1995","23","324","369","693"
"Douglas","35","1995","24","401","461","862"
"Douglas","35","1995","25","478","593","1071"
"Douglas","35","1995","26","554","711","1265"
"Douglas","35","1995","27","665","838","1503"
"Douglas","35","1995","28","788","935","1723"
"Douglas","35","1995","29","954","1065","2019"
"Douglas","35","1995","30","1052","1134","2186"
"Douglas","35","1995","31","1076","1139","2215"
"Douglas","35","1995","32","1041","1165","2206"
"Douglas","35","1995","33","1081","1162","2243"
"Douglas","35","1995","34","1124","1178","2302"
"Douglas","35","1995","35","1146","1241","2387"
"Douglas","35","1995","36","1171","1206","2377"
"Douglas","35","1995","37","1168","1222","2390"
"Douglas","35","1995","38","1155","1206","2361"
"Douglas","35","1995","39","1221","1204","2425"
"Douglas","35","1995","40","1134","1172","2306"
"Douglas","35","1995","41","1129","1106","2235"
"Douglas","35","1995","42","1162","1126","2288"
"Douglas","35","1995","43","1049","1041","2090"
"Douglas","35","1995","44","907","906","1813"
"Douglas","35","1995","45","873","878","1751"
"Douglas","35","1995","46","861","803","1664"
"Douglas","35","1995","47","864","796","1660"
"Douglas","35","1995","48","744","725","1469"
"Douglas","35","1995","49","714","698","1412"
"Douglas","35","1995","50","689","666","1355"
"Douglas","35","1995","51","631","632","1263"
"Douglas","35","1995","52","645","573","1218"
"Douglas","35","1995","53","583","550","1133"
"Douglas","35","1995","54","499","446","945"
"Douglas","35","1995","55","476","403","879"
"Douglas","35","1995","56","453","391","844"
"Douglas","35","1995","57","429","360","789"
"Douglas","35","1995","58","355","317","672"
"Douglas","35","1995","59","352","282","634"
"Douglas","35","1995","60","310","273","583"
"Douglas","35","1995","61","294","265","559"
"Douglas","35","1995","62","257","234","491"
"Douglas","35","1995","63","238","222","460"
"Douglas","35","1995","64","211","199","410"
"Douglas","35","1995","65","212","178","390"
"Douglas","35","1995","66","181","159","340"
"Douglas","35","1995","67","167","167","334"
"Douglas","35","1995","68","181","168","349"
"Douglas","35","1995","69","150","150","300"
"Douglas","35","1995","70","129","140","269"
"Douglas","35","1995","71","123","131","254"
"Douglas","35","1995","72","114","135","249"
"Douglas","35","1995","73","101","104","205"
"Douglas","35","1995","74","94","108","202"
"Douglas","35","1995","75","83","103","186"
"Douglas","35","1995","76","73","85","158"
"Douglas","35","1995","77","71","68","139"
"Douglas","35","1995","78","53","82","135"
"Douglas","35","1995","79","45","67","112"
"Douglas","35","1995","80","44","62","106"
"Douglas","35","1995","81","38","53","91"
"Douglas","35","1995","82","32","48","80"
"Douglas","35","1995","83","22","42","64"
"Douglas","35","1995","84","24","35","59"
"Douglas","35","1995","85","18","39","57"
"Douglas","35","1995","86","13","26","39"
"Douglas","35","1995","87","11","28","39"
"Douglas","35","1995","88","10","25","35"
"Douglas","35","1995","89","10","18","28"
"Douglas","35","1995","90","22","73","95"
"Douglas","35","1996","0","1141","1076","2217"
"Douglas","35","1996","1","1141","1092","2233"
"Douglas","35","1996","2","1107","1078","2185"
"Douglas","35","1996","3","1140","1065","2205"
"Douglas","35","1996","4","1150","1083","2233"
"Douglas","35","1996","5","1145","1077","2222"
"Douglas","35","1996","6","1105","1072","2177"
"Douglas","35","1996","7","1106","1042","2148"
"Douglas","35","1996","8","1067","1026","2093"
"Douglas","35","1996","9","1051","1036","2087"
"Douglas","35","1996","10","1042","984","2026"
"Douglas","35","1996","11","993","929","1922"
"Douglas","35","1996","12","977","925","1902"
"Douglas","35","1996","13","947","855","1802"
"Douglas","35","1996","14","890","813","1703"
"Douglas","35","1996","15","863","834","1697"
"Douglas","35","1996","16","828","764","1592"
"Douglas","35","1996","17","789","744","1533"
"Douglas","35","1996","18","618","562","1180"
"Douglas","35","1996","19","481","407","888"
"Douglas","35","1996","20","389","371","760"
"Douglas","35","1996","21","334","346","680"
"Douglas","35","1996","22","314","365","679"
"Douglas","35","1996","23","360","401","761"
"Douglas","35","1996","24","434","497","931"
"Douglas","35","1996","25","520","639","1159"
"Douglas","35","1996","26","596","759","1355"
"Douglas","35","1996","27","721","901","1622"
"Douglas","35","1996","28","859","1010","1869"
"Douglas","35","1996","29","1047","1151","2198"
"Douglas","35","1996","30","1142","1226","2368"
"Douglas","35","1996","31","1168","1231","2399"
"Douglas","35","1996","32","1119","1257","2376"
"Douglas","35","1996","33","1165","1262","2427"
"Douglas","35","1996","34","1220","1277","2497"
"Douglas","35","1996","35","1253","1357","2610"
"Douglas","35","1996","36","1283","1335","2618"
"Douglas","35","1996","37","1282","1352","2634"
"Douglas","35","1996","38","1280","1333","2613"
"Douglas","35","1996","39","1343","1322","2665"
"Douglas","35","1996","40","1250","1298","2548"
"Douglas","35","1996","41","1247","1218","2465"
"Douglas","35","1996","42","1280","1233","2513"
"Douglas","35","1996","43","1146","1149","2295"
"Douglas","35","1996","44","1013","1028","2041"
"Douglas","35","1996","45","973","984","1957"
"Douglas","35","1996","46","951","906","1857"
"Douglas","35","1996","47","954","900","1854"
"Douglas","35","1996","48","838","824","1662"
"Douglas","35","1996","49","809","793","1602"
"Douglas","35","1996","50","780","765","1545"
"Douglas","35","1996","51","717","725","1442"
"Douglas","35","1996","52","743","665","1408"
"Douglas","35","1996","53","677","636","1313"
"Douglas","35","1996","54","563","504","1067"
"Douglas","35","1996","55","533","461","994"
"Douglas","35","1996","56","520","448","968"
"Douglas","35","1996","57","493","415","908"
"Douglas","35","1996","58","404","364","768"
"Douglas","35","1996","59","391","315","706"
"Douglas","35","1996","60","343","304","647"
"Douglas","35","1996","61","325","296","621"
"Douglas","35","1996","62","284","255","539"
"Douglas","35","1996","63","264","243","507"
"Douglas","35","1996","64","233","217","450"
"Douglas","35","1996","65","233","194","427"
"Douglas","35","1996","66","195","177","372"
"Douglas","35","1996","67","182","183","365"
"Douglas","35","1996","68","198","182","380"
"Douglas","35","1996","69","163","163","326"
"Douglas","35","1996","70","144","154","298"
"Douglas","35","1996","71","135","144","279"
"Douglas","35","1996","72","125","149","274"
"Douglas","35","1996","73","114","117","231"
"Douglas","35","1996","74","104","125","229"
"Douglas","35","1996","75","95","114","209"
"Douglas","35","1996","76","83","94","177"
"Douglas","35","1996","77","79","78","157"
"Douglas","35","1996","78","59","92","151"
"Douglas","35","1996","79","52","75","127"
"Douglas","35","1996","80","49","69","118"
"Douglas","35","1996","81","42","61","103"
"Douglas","35","1996","82","37","54","91"
"Douglas","35","1996","83","25","46","71"
"Douglas","35","1996","84","26","39","65"
"Douglas","35","1996","85","19","42","61"
"Douglas","35","1996","86","14","29","43"
"Douglas","35","1996","87","13","31","44"
"Douglas","35","1996","88","10","27","37"
"Douglas","35","1996","89","11","20","31"
"Douglas","35","1996","90","24","80","104"
"Douglas","35","1997","0","1279","1205","2484"
"Douglas","35","1997","1","1288","1226","2514"
"Douglas","35","1997","2","1251","1210","2461"
"Douglas","35","1997","3","1285","1211","2496"
"Douglas","35","1997","4","1299","1228","2527"
"Douglas","35","1997","5","1295","1214","2509"
"Douglas","35","1997","6","1242","1214","2456"
"Douglas","35","1997","7","1256","1179","2435"
"Douglas","35","1997","8","1215","1170","2385"
"Douglas","35","1997","9","1179","1176","2355"
"Douglas","35","1997","10","1179","1110","2289"
"Douglas","35","1997","11","1124","1053","2177"
"Douglas","35","1997","12","1101","1046","2147"
"Douglas","35","1997","13","1073","967","2040"
"Douglas","35","1997","14","1004","922","1926"
"Douglas","35","1997","15","973","944","1917"
"Douglas","35","1997","16","929","870","1799"
"Douglas","35","1997","17","881","836","1717"
"Douglas","35","1997","18","684","630","1314"
"Douglas","35","1997","19","530","441","971"
"Douglas","35","1997","20","429","405","834"
"Douglas","35","1997","21","374","385","759"
"Douglas","35","1997","22","353","406","759"
"Douglas","35","1997","23","408","445","853"
"Douglas","35","1997","24","480","546","1026"
"Douglas","35","1997","25","576","701","1277"
"Douglas","35","1997","26","655","826","1481"
"Douglas","35","1997","27","799","988","1787"
"Douglas","35","1997","28","956","1112","2068"
"Douglas","35","1997","29","1173","1269","2442"
"Douglas","35","1997","30","1265","1351","2616"
"Douglas","35","1997","31","1292","1358","2650"
"Douglas","35","1997","32","1225","1383","2608"
"Douglas","35","1997","33","1279","1398","2677"
"Douglas","35","1997","34","1351","1412","2763"
"Douglas","35","1997","35","1399","1515","2914"
"Douglas","35","1997","36","1436","1508","2944"
"Douglas","35","1997","37","1437","1525","2962"
"Douglas","35","1997","38","1447","1504","2951"
"Douglas","35","1997","39","1507","1481","2988"
"Douglas","35","1997","40","1405","1468","2873"
"Douglas","35","1997","41","1405","1369","2774"
"Douglas","35","1997","42","1439","1378","2817"
"Douglas","35","1997","43","1277","1293","2570"
"Douglas","35","1997","44","1154","1189","2343"
"Douglas","35","1997","45","1106","1124","2230"
"Douglas","35","1997","46","1071","1042","2113"
"Douglas","35","1997","47","1074","1038","2112"
"Douglas","35","1997","48","963","956","1919"
"Douglas","35","1997","49","934","919","1853"
"Douglas","35","1997","50","901","895","1796"
"Douglas","35","1997","51","831","847","1678"
"Douglas","35","1997","52","872","787","1659"
"Douglas","35","1997","53","802","749","1551"
"Douglas","35","1997","54","647","580","1227"
"Douglas","35","1997","55","609","539","1148"
"Douglas","35","1997","56","609","523","1132"
"Douglas","35","1997","57","578","487","1065"
"Douglas","35","1997","58","469","425","894"
"Douglas","35","1997","59","444","359","803"
"Douglas","35","1997","60","389","346","735"
"Douglas","35","1997","61","367","337","704"
"Douglas","35","1997","62","320","284","604"
"Douglas","35","1997","63","297","272","569"
"Douglas","35","1997","64","262","242","504"
"Douglas","35","1997","65","261","216","477"
"Douglas","35","1997","66","215","202","417"
"Douglas","35","1997","67","202","204","406"
"Douglas","35","1997","68","222","200","422"
"Douglas","35","1997","69","182","181","363"
"Douglas","35","1997","70","163","172","335"
"Douglas","35","1997","71","153","162","315"
"Douglas","35","1997","72","140","168","308"
"Douglas","35","1997","73","131","134","265"
"Douglas","35","1997","74","118","147","265"
"Douglas","35","1997","75","110","130","240"
"Douglas","35","1997","76","95","105","200"
"Douglas","35","1997","77","90","90","180"
"Douglas","35","1997","78","68","105","173"
"Douglas","35","1997","79","60","86","146"
"Douglas","35","1997","80","56","79","135"
"Douglas","35","1997","81","47","71","118"
"Douglas","35","1997","82","43","61","104"
"Douglas","35","1997","83","28","52","80"
"Douglas","35","1997","84","30","43","73"
"Douglas","35","1997","85","21","47","68"
"Douglas","35","1997","86","15","32","47"
"Douglas","35","1997","87","15","35","50"
"Douglas","35","1997","88","12","30","42"
"Douglas","35","1997","89","12","22","34"
"Douglas","35","1997","90","27","88","115"
"Douglas","35","1998","0","1419","1337","2756"
"Douglas","35","1998","1","1439","1362","2801"
"Douglas","35","1998","2","1400","1344","2744"
"Douglas","35","1998","3","1433","1364","2797"
"Douglas","35","1998","4","1451","1378","2829"
"Douglas","35","1998","5","1450","1355","2805"
"Douglas","35","1998","6","1383","1361","2744"
"Douglas","35","1998","7","1412","1320","2732"
"Douglas","35","1998","8","1368","1321","2689"
"Douglas","35","1998","9","1309","1322","2631"
"Douglas","35","1998","10","1321","1240","2561"
"Douglas","35","1998","11","1258","1182","2440"
"Douglas","35","1998","12","1228","1171","2399"
"Douglas","35","1998","13","1203","1083","2286"
"Douglas","35","1998","14","1121","1034","2155"
"Douglas","35","1998","15","1086","1058","2144"
"Douglas","35","1998","16","1031","980","2011"
"Douglas","35","1998","17","974","931","1905"
"Douglas","35","1998","18","749","698","1447"
"Douglas","35","1998","19","577","471","1048"
"Douglas","35","1998","20","469","437","906"
"Douglas","35","1998","21","416","424","840"
"Douglas","35","1998","22","393","446","839"
"Douglas","35","1998","23","458","488","946"
"Douglas","35","1998","24","526","594","1120"
"Douglas","35","1998","25","632","762","1394"
"Douglas","35","1998","26","711","888","1599"
"Douglas","35","1998","27","875","1072","1947"
"Douglas","35","1998","28","1053","1213","2266"
"Douglas","35","1998","29","1301","1385","2686"
"Douglas","35","1998","30","1386","1474","2860"
"Douglas","35","1998","31","1415","1481","2896"
"Douglas","35","1998","32","1328","1505","2833"
"Douglas","35","1998","33","1390","1534","2924"
"Douglas","35","1998","34","1481","1544","3025"
"Douglas","35","1998","35","1545","1674","3219"
"Douglas","35","1998","36","1590","1686","3276"
"Douglas","35","1998","37","1594","1704","3298"
"Douglas","35","1998","38","1620","1680","3300"
"Douglas","35","1998","39","1674","1644","3318"
"Douglas","35","1998","40","1565","1644","3209"
"Douglas","35","1998","41","1568","1524","3092"
"Douglas","35","1998","42","1601","1524","3125"
"Douglas","35","1998","43","1408","1441","2849"
"Douglas","35","1998","44","1302","1361","2663"
"Douglas","35","1998","45","1245","1272","2517"
"Douglas","35","1998","46","1195","1186","2381"
"Douglas","35","1998","47","1198","1184","2382"
"Douglas","35","1998","48","1095","1096","2191"
"Douglas","35","1998","49","1068","1053","2121"
"Douglas","35","1998","50","1030","1035","2065"
"Douglas","35","1998","51","953","979","1932"
"Douglas","35","1998","52","1011","919","1930"
"Douglas","35","1998","53","938","873","1811"
"Douglas","35","1998","54","736","661","1397"
"Douglas","35","1998","55","688","622","1310"
"Douglas","35","1998","56","704","605","1309"
"Douglas","35","1998","57","669","565","1234"
"Douglas","35","1998","58","538","491","1029"
"Douglas","35","1998","59","499","405","904"
"Douglas","35","1998","60","435","389","824"
"Douglas","35","1998","61","410","380","790"
"Douglas","35","1998","62","357","313","670"
"Douglas","35","1998","63","332","300","632"
"Douglas","35","1998","64","293","267","560"
"Douglas","35","1998","65","291","238","529"
"Douglas","35","1998","66","235","227","462"
"Douglas","35","1998","67","222","226","448"
"Douglas","35","1998","68","246","217","463"
"Douglas","35","1998","69","200","198","398"
"Douglas","35","1998","70","184","191","375"
"Douglas","35","1998","71","171","181","352"
"Douglas","35","1998","72","156","187","343"
"Douglas","35","1998","73","150","152","302"
"Douglas","35","1998","74","133","170","303"
"Douglas","35","1998","75","126","146","272"
"Douglas","35","1998","76","109","117","226"
"Douglas","35","1998","77","101","103","204"
"Douglas","35","1998","78","76","118","194"
"Douglas","35","1998","79","69","98","167"
"Douglas","35","1998","80","64","89","153"
"Douglas","35","1998","81","52","81","133"
"Douglas","35","1998","82","51","69","120"
"Douglas","35","1998","83","32","58","90"
"Douglas","35","1998","84","33","47","80"
"Douglas","35","1998","85","24","52","76"
"Douglas","35","1998","86","16","36","52"
"Douglas","35","1998","87","18","39","57"
"Douglas","35","1998","88","13","32","45"
"Douglas","35","1998","89","13","25","38"
"Douglas","35","1998","90","31","96","127"
"Douglas","35","1999","0","1586","1493","3079"
"Douglas","35","1999","1","1620","1524","3144"
"Douglas","35","1999","2","1578","1505","3083"
"Douglas","35","1999","3","1611","1548","3159"
"Douglas","35","1999","4","1634","1557","3191"
"Douglas","35","1999","5","1635","1523","3158"
"Douglas","35","1999","6","1550","1537","3087"
"Douglas","35","1999","7","1599","1490","3089"
"Douglas","35","1999","8","1553","1501","3054"
"Douglas","35","1999","9","1465","1497","2962"
"Douglas","35","1999","10","1491","1396","2887"
"Douglas","35","1999","11","1420","1336","2756"
"Douglas","35","1999","12","1380","1321","2701"
"Douglas","35","1999","13","1359","1222","2581"
"Douglas","35","1999","14","1261","1169","2430"
"Douglas","35","1999","15","1222","1194","2416"
"Douglas","35","1999","16","1153","1112","2265"
"Douglas","35","1999","17","1084","1043","2127"
"Douglas","35","1999","18","825","780","1605"
"Douglas","35","1999","19","633","507","1140"
"Douglas","35","1999","20","516","475","991"
"Douglas","35","1999","21","465","471","936"
"Douglas","35","1999","22","440","494","934"
"Douglas","35","1999","23","518","540","1058"
"Douglas","35","1999","24","580","650","1230"
"Douglas","35","1999","25","699","833","1532"
"Douglas","35","1999","26","777","961","1738"
"Douglas","35","1999","27","965","1170","2135"
"Douglas","35","1999","28","1168","1331","2499"
"Douglas","35","1999","29","1453","1522","2975"
"Douglas","35","1999","30","1530","1618","3148"
"Douglas","35","1999","31","1561","1627","3188"
"Douglas","35","1999","32","1448","1650","3098"
"Douglas","35","1999","33","1521","1694","3215"
"Douglas","35","1999","34","1635","1702","3337"
"Douglas","35","1999","35","1719","1863","3582"
"Douglas","35","1999","36","1774","1900","3674"
"Douglas","35","1999","37","1782","1919","3701"
"Douglas","35","1999","38","1827","1890","3717"
"Douglas","35","1999","39","1874","1837","3711"
"Douglas","35","1999","40","1755","1855","3610"
"Douglas","35","1999","41","1763","1709","3472"
"Douglas","35","1999","42","1796","1697","3493"
"Douglas","35","1999","43","1565","1617","3182"
"Douglas","35","1999","44","1480","1569","3049"
"Douglas","35","1999","45","1412","1449","2861"
"Douglas","35","1999","46","1343","1360","2703"
"Douglas","35","1999","47","1346","1361","2707"
"Douglas","35","1999","48","1255","1265","2520"
"Douglas","35","1999","49","1229","1214","2443"
"Douglas","35","1999","50","1185","1204","2389"
"Douglas","35","1999","51","1101","1138","2239"
"Douglas","35","1999","52","1180","1080","2260"
"Douglas","35","1999","53","1103","1022","2125"
"Douglas","35","1999","54","844","758","1602"
"Douglas","35","1999","55","784","722","1506"
"Douglas","35","1999","56","820","703","1523"
"Douglas","35","1999","57","780","660","1440"
"Douglas","35","1999","58","622","571","1193"
"Douglas","35","1999","59","565","461","1026"
"Douglas","35","1999","60","491","441","932"
"Douglas","35","1999","61","461","432","893"
"Douglas","35","1999","62","402","348","750"
"Douglas","35","1999","63","374","335","709"
"Douglas","35","1999","64","329","296","625"
"Douglas","35","1999","65","325","263","588"
"Douglas","35","1999","66","258","258","516"
"Douglas","35","1999","67","246","251","497"
"Douglas","35","1999","68","275","238","513"
"Douglas","35","1999","69","222","219","441"
"Douglas","35","1999","70","209","213","422"
"Douglas","35","1999","71","192","203","395"
"Douglas","35","1999","72","174","209","383"
"Douglas","35","1999","73","172","174","346"
"Douglas","35","1999","74","150","199","349"
"Douglas","35","1999","75","146","165","311"
"Douglas","35","1999","76","125","131","256"
"Douglas","35","1999","77","115","119","234"
"Douglas","35","1999","78","87","135","222"
"Douglas","35","1999","79","80","112","192"
"Douglas","35","1999","80","73","102","175"
"Douglas","35","1999","81","58","94","152"
"Douglas","35","1999","82","59","78","137"
"Douglas","35","1999","83","37","65","102"
"Douglas","35","1999","84","37","52","89"
"Douglas","35","1999","85","26","58","84"
"Douglas","35","1999","86","17","40","57"
"Douglas","35","1999","87","21","44","65"
"Douglas","35","1999","88","14","36","50"
"Douglas","35","1999","89","14","28","42"
"Douglas","35","1999","90","35","106","141"
"Douglas","35","2000","0","1752","1650","3402"
"Douglas","35","2000","1","1804","1687","3491"
"Douglas","35","2000","2","1759","1666","3425"
"Douglas","35","2000","3","1791","1736","3527"
"Douglas","35","2000","4","1819","1741","3560"
"Douglas","35","2000","5","1824","1693","3517"
"Douglas","35","2000","6","1719","1717","3436"
"Douglas","35","2000","7","1791","1662","3453"
"Douglas","35","2000","8","1743","1688","3431"
"Douglas","35","2000","9","1621","1677","3298"
"Douglas","35","2000","10","1664","1553","3217"
"Douglas","35","2000","11","1584","1493","3077"
"Douglas","35","2000","12","1533","1473","3006"
"Douglas","35","2000","13","1519","1363","2882"
"Douglas","35","2000","14","1403","1307","2710"
"Douglas","35","2000","15","1359","1333","2692"
"Douglas","35","2000","16","1276","1248","2524"
"Douglas","35","2000","17","1193","1157","2350"
"Douglas","35","2000","18","899","861","1760"
"Douglas","35","2000","19","687","538","1225"
"Douglas","35","2000","20","562","510","1072"
"Douglas","35","2000","21","515","517","1032"
"Douglas","35","2000","22","487","541","1028"
"Douglas","35","2000","23","579","590","1169"
"Douglas","35","2000","24","631","703","1334"
"Douglas","35","2000","25","764","900","1664"
"Douglas","35","2000","26","839","1024","1863"
"Douglas","35","2000","27","1053","1263","2316"
"Douglas","35","2000","28","1281","1444","2725"
"Douglas","35","2000","29","1606","1653","3259"
"Douglas","35","2000","30","1669","1757","3426"
"Douglas","35","2000","31","1703","1766","3469"
"Douglas","35","2000","32","1561","1787","3348"
"Douglas","35","2000","33","1644","1849","3493"
"Douglas","35","2000","34","1784","1853","3637"
"Douglas","35","2000","35","1892","2051","3943"
"Douglas","35","2000","36","1958","2117","4075"
"Douglas","35","2000","37","1970","2136","4106"
"Douglas","35","2000","38","2038","2104","4142"
"Douglas","35","2000","39","2074","2030","4104"
"Douglas","35","2000","40","1946","2069","4015"
"Douglas","35","2000","41","1960","1894","3854"
"Douglas","35","2000","42","1991","1870","3861"
"Douglas","35","2000","43","1719","1795","3514"
"Douglas","35","2000","44","1663","1787","3450"
"Douglas","35","2000","45","1584","1632","3216"
"Douglas","35","2000","46","1493","1542","3035"
"Douglas","35","2000","47","1495","1546","3041"
"Douglas","35","2000","48","1421","1443","2864"
"Douglas","35","2000","49","1398","1385","2783"
"Douglas","35","2000","50","1348","1384","2732"
"Douglas","35","2000","51","1256","1308","2564"
"Douglas","35","2000","52","1360","1252","2612"
"Douglas","35","2000","53","1280","1182","2462"
"Douglas","35","2000","54","956","860","1816"
"Douglas","35","2000","55","883","829","1712"
"Douglas","35","2000","56","942","807","1749"
"Douglas","35","2000","57","898","761","1659"
"Douglas","35","2000","58","710","655","1365"
"Douglas","35","2000","59","633","518","1151"
"Douglas","35","2000","60","548","495","1043"
"Douglas","35","2000","61","512","486","998"
"Douglas","35","2000","62","447","382","829"
"Douglas","35","2000","63","416","369","785"
"Douglas","35","2000","64","366","326","692"
"Douglas","35","2000","65","360","289","649"
"Douglas","35","2000","66","280","289","569"
"Douglas","35","2000","67","269","277","546"
"Douglas","35","2000","68","303","258","561"
"Douglas","35","2000","69","244","239","483"
"Douglas","35","2000","70","235","236","471"
"Douglas","35","2000","71","214","225","439"
"Douglas","35","2000","72","193","232","425"
"Douglas","35","2000","73","195","197","392"
"Douglas","35","2000","74","168","230","398"
"Douglas","35","2000","75","166","184","350"
"Douglas","35","2000","76","143","146","289"
"Douglas","35","2000","77","129","135","264"
"Douglas","35","2000","78","98","151","249"
"Douglas","35","2000","79","91","127","218"
"Douglas","35","2000","80","82","114","196"
"Douglas","35","2000","81","64","108","172"
"Douglas","35","2000","82","68","87","155"
"Douglas","35","2000","83","42","72","114"
"Douglas","35","2000","84","41","57","98"
"Douglas","35","2000","85","29","63","92"
"Douglas","35","2000","86","18","44","62"
"Douglas","35","2000","87","25","48","73"
"Douglas","35","2000","88","15","39","54"
"Douglas","35","2000","89","15","32","47"
