"county","fipscode","year","age","malepopulation","femalepopulation","totalpopulation"
"Denver","31","1990","0","3988","3718","7706"
"Denver","31","1990","1","3750","3547","7297"
"Denver","31","1990","2","3621","3427","7048"
"Denver","31","1990","3","3497","3409","6906"
"Denver","31","1990","4","3348","3187","6535"
"Denver","31","1990","5","3148","2968","6116"
"Denver","31","1990","6","3100","2943","6043"
"Denver","31","1990","7","3127","2950","6077"
"Denver","31","1990","8","2770","2698","5468"
"Denver","31","1990","9","2945","2765","5710"
"Denver","31","1990","10","2726","2655","5381"
"Denver","31","1990","11","2523","2383","4906"
"Denver","31","1990","12","2453","2367","4820"
"Denver","31","1990","13","2358","2297","4655"
"Denver","31","1990","14","2376","2252","4628"
"Denver","31","1990","15","2354","2206","4560"
"Denver","31","1990","16","2385","2248","4633"
"Denver","31","1990","17","2556","2421","4977"
"Denver","31","1990","18","2718","2690","5408"
"Denver","31","1990","19","3297","3170","6467"
"Denver","31","1990","20","3393","3245","6638"
"Denver","31","1990","21","3275","3221","6496"
"Denver","31","1990","22","3334","3268","6602"
"Denver","31","1990","23","3463","3573","7036"
"Denver","31","1990","24","3956","3981","7937"
"Denver","31","1990","25","4437","4286","8723"
"Denver","31","1990","26","4673","4525","9198"
"Denver","31","1990","27","4872","4643","9515"
"Denver","31","1990","28","4616","4578","9194"
"Denver","31","1990","29","5360","5210","10570"
"Denver","31","1990","30","5210","4941","10151"
"Denver","31","1990","31","5038","4801","9839"
"Denver","31","1990","32","5001","4677","9678"
"Denver","31","1990","33","4789","4697","9486"
"Denver","31","1990","34","4914","4536","9450"
"Denver","31","1990","35","4780","4332","9112"
"Denver","31","1990","36","4533","4219","8752"
"Denver","31","1990","37","4448","4162","8610"
"Denver","31","1990","38","4036","3792","7828"
"Denver","31","1990","39","4296","3951","8247"
"Denver","31","1990","40","3983","3757","7740"
"Denver","31","1990","41","3728","3560","7288"
"Denver","31","1990","42","3647","3473","7120"
"Denver","31","1990","43","3418","3405","6823"
"Denver","31","1990","44","2742","2641","5383"
"Denver","31","1990","45","2650","2596","5246"
"Denver","31","1990","46","2458","2562","5020"
"Denver","31","1990","47","2419","2487","4906"
"Denver","31","1990","48","1995","2140","4135"
"Denver","31","1990","49","2118","2168","4286"
"Denver","31","1990","50","1931","1989","3920"
"Denver","31","1990","51","1806","1991","3797"
"Denver","31","1990","52","1764","1898","3662"
"Denver","31","1990","53","1717","1856","3573"
"Denver","31","1990","54","1815","1957","3772"
"Denver","31","1990","55","1731","1956","3687"
"Denver","31","1990","56","1618","1840","3458"
"Denver","31","1990","57","1719","1952","3671"
"Denver","31","1990","58","1642","1937","3579"
"Denver","31","1990","59","1858","2125","3983"
"Denver","31","1990","60","1819","2151","3970"
"Denver","31","1990","61","1793","2162","3955"
"Denver","31","1990","62","1793","2138","3931"
"Denver","31","1990","63","1696","2191","3887"
"Denver","31","1990","64","1747","2332","4079"
"Denver","31","1990","65","1808","2351","4159"
"Denver","31","1990","66","1740","2270","4010"
"Denver","31","1990","67","1742","2287","4029"
"Denver","31","1990","68","1721","2249","3970"
"Denver","31","1990","69","1643","2137","3780"
"Denver","31","1990","70","1462","1961","3423"
"Denver","31","1990","71","1397","1898","3295"
"Denver","31","1990","72","1276","1867","3143"
"Denver","31","1990","73","1182","1794","2976"
"Denver","31","1990","74","1140","1720","2860"
"Denver","31","1990","75","1096","1672","2768"
"Denver","31","1990","76","974","1603","2577"
"Denver","31","1990","77","961","1615","2576"
"Denver","31","1990","78","912","1537","2449"
"Denver","31","1990","79","776","1481","2257"
"Denver","31","1990","80","635","1384","2019"
"Denver","31","1990","81","635","1276","1911"
"Denver","31","1990","82","579","1235","1814"
"Denver","31","1990","83","486","1075","1561"
"Denver","31","1990","84","445","999","1444"
"Denver","31","1990","85","416","922","1338"
"Denver","31","1990","86","329","800","1129"
"Denver","31","1990","87","259","718","977"
"Denver","31","1990","88","194","588","782"
"Denver","31","1990","89","195","576","771"
"Denver","31","1990","90","557","2007","2564"
"Denver","31","1991","0","4001","3738","7739"
"Denver","31","1991","1","3765","3560","7325"
"Denver","31","1991","2","3621","3436","7057"
"Denver","31","1991","3","3501","3398","6899"
"Denver","31","1991","4","3368","3203","6571"
"Denver","31","1991","5","3175","2991","6166"
"Denver","31","1991","6","3131","2979","6110"
"Denver","31","1991","7","3167","2996","6163"
"Denver","31","1991","8","2836","2759","5595"
"Denver","31","1991","9","2987","2815","5802"
"Denver","31","1991","10","2800","2708","5508"
"Denver","31","1991","11","2591","2452","5043"
"Denver","31","1991","12","2523","2417","4940"
"Denver","31","1991","13","2423","2354","4777"
"Denver","31","1991","14","2442","2322","4764"
"Denver","31","1991","15","2415","2255","4670"
"Denver","31","1991","16","2453","2310","4763"
"Denver","31","1991","17","2635","2477","5112"
"Denver","31","1991","18","2784","2735","5519"
"Denver","31","1991","19","3349","3189","6538"
"Denver","31","1991","20","3465","3272","6737"
"Denver","31","1991","21","3369","3262","6631"
"Denver","31","1991","22","3456","3380","6836"
"Denver","31","1991","23","3622","3697","7319"
"Denver","31","1991","24","4116","4082","8198"
"Denver","31","1991","25","4613","4422","9035"
"Denver","31","1991","26","4817","4603","9420"
"Denver","31","1991","27","5017","4728","9745"
"Denver","31","1991","28","4816","4683","9499"
"Denver","31","1991","29","5500","5253","10753"
"Denver","31","1991","30","5374","5021","10395"
"Denver","31","1991","31","5114","4811","9925"
"Denver","31","1991","32","5044","4656","9700"
"Denver","31","1991","33","4820","4623","9443"
"Denver","31","1991","34","4922","4490","9412"
"Denver","31","1991","35","4834","4332","9166"
"Denver","31","1991","36","4574","4192","8766"
"Denver","31","1991","37","4459","4140","8599"
"Denver","31","1991","38","4092","3812","7904"
"Denver","31","1991","39","4299","3949","8248"
"Denver","31","1991","40","4048","3786","7834"
"Denver","31","1991","41","3754","3571","7325"
"Denver","31","1991","42","3708","3518","7226"
"Denver","31","1991","43","3478","3437","6915"
"Denver","31","1991","44","2872","2759","5631"
"Denver","31","1991","45","2815","2718","5533"
"Denver","31","1991","46","2601","2676","5277"
"Denver","31","1991","47","2557","2616","5173"
"Denver","31","1991","48","2168","2303","4471"
"Denver","31","1991","49","2274","2311","4585"
"Denver","31","1991","50","2121","2165","4286"
"Denver","31","1991","51","1974","2147","4121"
"Denver","31","1991","52","1935","2039","3974"
"Denver","31","1991","53","1870","2014","3884"
"Denver","31","1991","54","1891","2019","3910"
"Denver","31","1991","55","1798","2011","3809"
"Denver","31","1991","56","1692","1899","3591"
"Denver","31","1991","57","1768","1999","3767"
"Denver","31","1991","58","1673","1960","3633"
"Denver","31","1991","59","1845","2106","3951"
"Denver","31","1991","60","1809","2122","3931"
"Denver","31","1991","61","1769","2125","3894"
"Denver","31","1991","62","1768","2087","3855"
"Denver","31","1991","63","1669","2133","3802"
"Denver","31","1991","64","1711","2259","3970"
"Denver","31","1991","65","1771","2281","4052"
"Denver","31","1991","66","1690","2180","3870"
"Denver","31","1991","67","1695","2202","3897"
"Denver","31","1991","68","1672","2178","3850"
"Denver","31","1991","69","1601","2090","3691"
"Denver","31","1991","70","1440","1936","3376"
"Denver","31","1991","71","1384","1874","3258"
"Denver","31","1991","72","1274","1841","3115"
"Denver","31","1991","73","1183","1788","2971"
"Denver","31","1991","74","1143","1720","2863"
"Denver","31","1991","75","1102","1681","2783"
"Denver","31","1991","76","992","1613","2605"
"Denver","31","1991","77","970","1611","2581"
"Denver","31","1991","78","931","1540","2471"
"Denver","31","1991","79","793","1485","2278"
"Denver","31","1991","80","656","1375","2031"
"Denver","31","1991","81","646","1271","1917"
"Denver","31","1991","82","584","1224","1808"
"Denver","31","1991","83","496","1071","1567"
"Denver","31","1991","84","449","997","1446"
"Denver","31","1991","85","414","918","1332"
"Denver","31","1991","86","336","801","1137"
"Denver","31","1991","87","265","723","988"
"Denver","31","1991","88","204","597","801"
"Denver","31","1991","89","195","574","769"
"Denver","31","1991","90","571","2016","2587"
"Denver","31","1992","0","4071","3810","7881"
"Denver","31","1992","1","3832","3623","7455"
"Denver","31","1992","2","3674","3493","7167"
"Denver","31","1992","3","3556","3438","6994"
"Denver","31","1992","4","3433","3263","6696"
"Denver","31","1992","5","3244","3053","6297"
"Denver","31","1992","6","3203","3052","6255"
"Denver","31","1992","7","3246","3078","6324"
"Denver","31","1992","8","2932","2851","5783"
"Denver","31","1992","9","3066","2898","5964"
"Denver","31","1992","10","2902","2791","5693"
"Denver","31","1992","11","2686","2546","5232"
"Denver","31","1992","12","2618","2493","5111"
"Denver","31","1992","13","2513","2436","4949"
"Denver","31","1992","14","2533","2414","4947"
"Denver","31","1992","15","2502","2329","4831"
"Denver","31","1992","16","2545","2395","4940"
"Denver","31","1992","17","2738","2560","5298"
"Denver","31","1992","18","2881","2812","5693"
"Denver","31","1992","19","3441","3253","6694"
"Denver","31","1992","20","3576","3344","6920"
"Denver","31","1992","21","3497","3344","6841"
"Denver","31","1992","22","3608","3523","7131"
"Denver","31","1992","23","3808","3855","7663"
"Denver","31","1992","24","4309","4227","8536"
"Denver","31","1992","25","4827","4601","9428"
"Denver","31","1992","26","5007","4737","9744"
"Denver","31","1992","27","5210","4868","10078"
"Denver","31","1992","28","5053","4839","9892"
"Denver","31","1992","29","5696","5367","11063"
"Denver","31","1992","30","5589","5161","10750"
"Denver","31","1992","31","5251","4890","10141"
"Denver","31","1992","32","5152","4706","9858"
"Denver","31","1992","33","4915","4628","9543"
"Denver","31","1992","34","4999","4516","9515"
"Denver","31","1992","35","4948","4396","9344"
"Denver","31","1992","36","4674","4231","8905"
"Denver","31","1992","37","4533","4182","8715"
"Denver","31","1992","38","4198","3883","8081"
"Denver","31","1992","39","4364","4005","8369"
"Denver","31","1992","40","4161","3865","8026"
"Denver","31","1992","41","3830","3632","7462"
"Denver","31","1992","42","3813","3605","7418"
"Denver","31","1992","43","3579","3514","7093"
"Denver","31","1992","44","3023","2898","5921"
"Denver","31","1992","45","2993","2859","5852"
"Denver","31","1992","46","2758","2809","5567"
"Denver","31","1992","47","2710","2762","5472"
"Denver","31","1992","48","2343","2473","4816"
"Denver","31","1992","49","2437","2465","4902"
"Denver","31","1992","50","2312","2344","4656"
"Denver","31","1992","51","2143","2308","4451"
"Denver","31","1992","52","2106","2187","4293"
"Denver","31","1992","53","2024","2175","4199"
"Denver","31","1992","54","1982","2101","4083"
"Denver","31","1992","55","1880","2086","3966"
"Denver","31","1992","56","1778","1976","3754"
"Denver","31","1992","57","1835","2067","3902"
"Denver","31","1992","58","1724","2008","3732"
"Denver","31","1992","59","1861","2120","3981"
"Denver","31","1992","60","1827","2129","3956"
"Denver","31","1992","61","1775","2126","3901"
"Denver","31","1992","62","1772","2075","3847"
"Denver","31","1992","63","1672","2117","3789"
"Denver","31","1992","64","1707","2231","3938"
"Denver","31","1992","65","1767","2257","4024"
"Denver","31","1992","66","1675","2137","3812"
"Denver","31","1992","67","1681","2164","3845"
"Denver","31","1992","68","1657","2151","3808"
"Denver","31","1992","69","1591","2083","3674"
"Denver","31","1992","70","1443","1943","3386"
"Denver","31","1992","71","1395","1882","3277"
"Denver","31","1992","72","1291","1848","3139"
"Denver","31","1992","73","1202","1809","3011"
"Denver","31","1992","74","1163","1747","2910"
"Denver","31","1992","75","1123","1714","2837"
"Denver","31","1992","76","1023","1646","2669"
"Denver","31","1992","77","992","1632","2624"
"Denver","31","1992","78","960","1565","2525"
"Denver","31","1992","79","819","1511","2330"
"Denver","31","1992","80","684","1390","2074"
"Denver","31","1992","81","665","1285","1950"
"Denver","31","1992","82","598","1234","1832"
"Denver","31","1992","83","512","1083","1595"
"Denver","31","1992","84","460","1010","1470"
"Denver","31","1992","85","419","929","1348"
"Denver","31","1992","86","346","814","1160"
"Denver","31","1992","87","275","738","1013"
"Denver","31","1992","88","215","614","829"
"Denver","31","1992","89","197","582","779"
"Denver","31","1992","90","591","2055","2646"
"Denver","31","1993","0","4138","3880","8018"
"Denver","31","1993","1","3897","3683","7580"
"Denver","31","1993","2","3724","3548","7272"
"Denver","31","1993","3","3608","3475","7083"
"Denver","31","1993","4","3496","3321","6817"
"Denver","31","1993","5","3312","3115","6427"
"Denver","31","1993","6","3273","3125","6398"
"Denver","31","1993","7","3325","3161","6486"
"Denver","31","1993","8","3029","2943","5972"
"Denver","31","1993","9","3144","2981","6125"
"Denver","31","1993","10","3006","2875","5881"
"Denver","31","1993","11","2782","2640","5422"
"Denver","31","1993","12","2714","2570","5284"
"Denver","31","1993","13","2604","2519","5123"
"Denver","31","1993","14","2625","2507","5132"
"Denver","31","1993","15","2589","2404","4993"
"Denver","31","1993","16","2639","2481","5120"
"Denver","31","1993","17","2844","2643","5487"
"Denver","31","1993","18","2979","2890","5869"
"Denver","31","1993","19","3533","3314","6847"
"Denver","31","1993","20","3688","3414","7102"
"Denver","31","1993","21","3627","3426","7053"
"Denver","31","1993","22","3764","3669","7433"
"Denver","31","1993","23","3998","4015","8013"
"Denver","31","1993","24","4507","4373","8880"
"Denver","31","1993","25","5046","4783","9829"
"Denver","31","1993","26","5200","4870","10070"
"Denver","31","1993","27","5407","5009","10416"
"Denver","31","1993","28","5295","4997","10292"
"Denver","31","1993","29","5895","5478","11373"
"Denver","31","1993","30","5807","5300","11107"
"Denver","31","1993","31","5388","4966","10354"
"Denver","31","1993","32","5259","4751","10010"
"Denver","31","1993","33","5009","4627","9636"
"Denver","31","1993","34","5073","4537","9610"
"Denver","31","1993","35","5062","4456","9518"
"Denver","31","1993","36","4773","4265","9038"
"Denver","31","1993","37","4603","4220","8823"
"Denver","31","1993","38","4303","3953","8256"
"Denver","31","1993","39","4425","4058","8483"
"Denver","31","1993","40","4274","3943","8217"
"Denver","31","1993","41","3904","3691","7595"
"Denver","31","1993","42","3918","3693","7611"
"Denver","31","1993","43","3679","3589","7268"
"Denver","31","1993","44","3177","3040","6217"
"Denver","31","1993","45","3177","3004","6181"
"Denver","31","1993","46","2920","2946","5866"
"Denver","31","1993","47","2867","2912","5779"
"Denver","31","1993","48","2525","2648","5173"
"Denver","31","1993","49","2605","2623","5228"
"Denver","31","1993","50","2509","2529","5038"
"Denver","31","1993","51","2318","2475","4793"
"Denver","31","1993","52","2283","2340","4623"
"Denver","31","1993","53","2185","2342","4527"
"Denver","31","1993","54","2075","2184","4259"
"Denver","31","1993","55","1963","2162","4125"
"Denver","31","1993","56","1866","2054","3920"
"Denver","31","1993","57","1903","2137","4040"
"Denver","31","1993","58","1775","2055","3830"
"Denver","31","1993","59","1875","2133","4008"
"Denver","31","1993","60","1844","2134","3978"
"Denver","31","1993","61","1778","2124","3902"
"Denver","31","1993","62","1775","2060","3835"
"Denver","31","1993","63","1673","2096","3769"
"Denver","31","1993","64","1701","2199","3900"
"Denver","31","1993","65","1760","2228","3988"
"Denver","31","1993","66","1656","2088","3744"
"Denver","31","1993","67","1664","2121","3785"
"Denver","31","1993","68","1638","2119","3757"
"Denver","31","1993","69","1577","2072","3649"
"Denver","31","1993","70","1444","1949","3393"
"Denver","31","1993","71","1404","1888","3292"
"Denver","31","1993","72","1307","1851","3158"
"Denver","31","1993","73","1220","1830","3050"
"Denver","31","1993","74","1182","1772","2954"
"Denver","31","1993","75","1144","1746","2890"
"Denver","31","1993","76","1053","1679","2732"
"Denver","31","1993","77","1013","1652","2665"
"Denver","31","1993","78","990","1590","2580"
"Denver","31","1993","79","845","1536","2381"
"Denver","31","1993","80","712","1402","2114"
"Denver","31","1993","81","684","1298","1982"
"Denver","31","1993","82","611","1242","1853"
"Denver","31","1993","83","528","1095","1623"
"Denver","31","1993","84","471","1023","1494"
"Denver","31","1993","85","424","939","1363"
"Denver","31","1993","86","357","827","1184"
"Denver","31","1993","87","284","754","1038"
"Denver","31","1993","88","226","632","858"
"Denver","31","1993","89","200","589","789"
"Denver","31","1993","90","612","2094","2706"
"Denver","31","1994","0","4120","3870","7990"
"Denver","31","1994","1","3882","3668","7550"
"Denver","31","1994","2","3697","3530","7227"
"Denver","31","1994","3","3586","3440","7026"
"Denver","31","1994","4","3488","3312","6800"
"Denver","31","1994","5","3312","3112","6424"
"Denver","31","1994","6","3277","3134","6411"
"Denver","31","1994","7","3336","3179","6515"
"Denver","31","1994","8","3065","2976","6041"
"Denver","31","1994","9","3159","3004","6163"
"Denver","31","1994","10","3050","2900","5950"
"Denver","31","1994","11","2823","2683","5506"
"Denver","31","1994","12","2756","2596","5352"
"Denver","31","1994","13","2643","2552","5195"
"Denver","31","1994","14","2665","2551","5216"
"Denver","31","1994","15","2625","2430","5055"
"Denver","31","1994","16","2679","2517","5196"
"Denver","31","1994","17","2893","2674","5567"
"Denver","31","1994","18","3017","2908","5925"
"Denver","31","1994","19","3554","3308","6862"
"Denver","31","1994","20","3726","3414","7140"
"Denver","31","1994","21","3684","3438","7122"
"Denver","31","1994","22","3845","3743","7588"
"Denver","31","1994","23","4110","4096","8206"
"Denver","31","1994","24","4615","4431","9046"
"Denver","31","1994","25","5166","4870","10036"
"Denver","31","1994","26","5290","4905","10195"
"Denver","31","1994","27","5496","5049","10545"
"Denver","31","1994","28","5434","5054","10488"
"Denver","31","1994","29","5976","5478","11454"
"Denver","31","1994","30","5910","5333","11243"
"Denver","31","1994","31","5416","4940","10356"
"Denver","31","1994","32","5257","4698","9955"
"Denver","31","1994","33","4999","4527","9526"
"Denver","31","1994","34","5042","4463","9505"
"Denver","31","1994","35","5072","4425","9497"
"Denver","31","1994","36","4774","4210","8984"
"Denver","31","1994","37","4579","4170","8749"
"Denver","31","1994","38","4321","3941","8262"
"Denver","31","1994","39","4395","4026","8421"
"Denver","31","1994","40","4300","3939","8239"
"Denver","31","1994","41","3898","3674","7572"
"Denver","31","1994","42","3943","3705","7648"
"Denver","31","1994","43","3706","3591","7297"
"Denver","31","1994","44","3270","3123","6393"
"Denver","31","1994","45","3300","3090","6390"
"Denver","31","1994","46","3025","3026","6051"
"Denver","31","1994","47","2968","3006","5974"
"Denver","31","1994","48","2660","2773","5433"
"Denver","31","1994","49","2725","2731","5456"
"Denver","31","1994","50","2659","2667","5326"
"Denver","31","1994","51","2450","2595","5045"
"Denver","31","1994","52","2418","2448","4866"
"Denver","31","1994","53","2304","2464","4768"
"Denver","31","1994","54","2127","2223","4350"
"Denver","31","1994","55","2009","2194","4203"
"Denver","31","1994","56","1918","2092","4010"
"Denver","31","1994","57","1933","2163","4096"
"Denver","31","1994","58","1791","2061","3852"
"Denver","31","1994","59","1850","2101","3951"
"Denver","31","1994","60","1822","2094","3916"
"Denver","31","1994","61","1744","2077","3821"
"Denver","31","1994","62","1739","2000","3739"
"Denver","31","1994","63","1638","2031","3669"
"Denver","31","1994","64","1658","2119","3777"
"Denver","31","1994","65","1716","2152","3868"
"Denver","31","1994","66","1601","1994","3595"
"Denver","31","1994","67","1612","2032","3644"
"Denver","31","1994","68","1584","2042","3626"
"Denver","31","1994","69","1530","2017","3547"
"Denver","31","1994","70","1414","1913","3327"
"Denver","31","1994","71","1384","1855","3239"
"Denver","31","1994","72","1296","1816","3112"
"Denver","31","1994","73","1213","1812","3025"
"Denver","31","1994","74","1176","1761","2937"
"Denver","31","1994","75","1142","1743","2885"
"Denver","31","1994","76","1062","1677","2739"
"Denver","31","1994","77","1014","1638","2652"
"Denver","31","1994","78","1000","1582","2582"
"Denver","31","1994","79","854","1529","2383"
"Denver","31","1994","80","726","1386","2112"
"Denver","31","1994","81","690","1285","1975"
"Denver","31","1994","82","612","1224","1836"
"Denver","31","1994","83","534","1084","1618"
"Denver","31","1994","84","472","1014","1486"
"Denver","31","1994","85","420","929","1349"
"Denver","31","1994","86","360","823","1183"
"Denver","31","1994","87","287","753","1040"
"Denver","31","1994","88","234","636","870"
"Denver","31","1994","89","198","584","782"
"Denver","31","1994","90","620","2089","2709"
"Denver","31","1995","0","4106","3864","7970"
"Denver","31","1995","1","3870","3656","7526"
"Denver","31","1995","2","3674","3515","7189"
"Denver","31","1995","3","3568","3408","6976"
"Denver","31","1995","4","3483","3305","6788"
"Denver","31","1995","5","3315","3113","6428"
"Denver","31","1995","6","3284","3146","6430"
"Denver","31","1995","7","3351","3200","6551"
"Denver","31","1995","8","3104","3012","6116"
"Denver","31","1995","9","3177","3030","6207"
"Denver","31","1995","10","3097","2929","6026"
"Denver","31","1995","11","2866","2728","5594"
"Denver","31","1995","12","2802","2624","5426"
"Denver","31","1995","13","2685","2587","5272"
"Denver","31","1995","14","2708","2597","5305"
"Denver","31","1995","15","2664","2459","5123"
"Denver","31","1995","16","2724","2557","5281"
"Denver","31","1995","17","2946","2707","5653"
"Denver","31","1995","18","3059","2931","5990"
"Denver","31","1995","19","3579","3305","6884"
"Denver","31","1995","20","3768","3418","7186"
"Denver","31","1995","21","3746","3453","7199"
"Denver","31","1995","22","3931","3821","7752"
"Denver","31","1995","23","4228","4183","8411"
"Denver","31","1995","24","4731","4495","9226"
"Denver","31","1995","25","5292","4963","10255"
"Denver","31","1995","26","5386","4946","10332"
"Denver","31","1995","27","5592","5094","10686"
"Denver","31","1995","28","5579","5117","10696"
"Denver","31","1995","29","6064","5483","11547"
"Denver","31","1995","30","6020","5371","11391"
"Denver","31","1995","31","5450","4918","10368"
"Denver","31","1995","32","5262","4649","9911"
"Denver","31","1995","33","4995","4432","9427"
"Denver","31","1995","34","5016","4392","9408"
"Denver","31","1995","35","5088","4397","9485"
"Denver","31","1995","36","4780","4158","8938"
"Denver","31","1995","37","4560","4123","8683"
"Denver","31","1995","38","4344","3934","8278"
"Denver","31","1995","39","4370","3999","8369"
"Denver","31","1995","40","4331","3940","8271"
"Denver","31","1995","41","3896","3660","7556"
"Denver","31","1995","42","3973","3722","7695"
"Denver","31","1995","43","3736","3597","7333"
"Denver","31","1995","44","3367","3209","6576"
"Denver","31","1995","45","3428","3180","6608"
"Denver","31","1995","46","3135","3109","6244"
"Denver","31","1995","47","3074","3104","6178"
"Denver","31","1995","48","2799","2903","5702"
"Denver","31","1995","49","2848","2843","5691"
"Denver","31","1995","50","2814","2810","5624"
"Denver","31","1995","51","2586","2719","5305"
"Denver","31","1995","52","2558","2560","5118"
"Denver","31","1995","53","2428","2591","5019"
"Denver","31","1995","54","2182","2266","4448"
"Denver","31","1995","55","2056","2230","4286"
"Denver","31","1995","56","1973","2132","4105"
"Denver","31","1995","57","1965","2192","4157"
"Denver","31","1995","58","1808","2069","3877"
"Denver","31","1995","59","1827","2070","3897"
"Denver","31","1995","60","1801","2056","3857"
"Denver","31","1995","61","1712","2032","3744"
"Denver","31","1995","62","1706","1942","3648"
"Denver","31","1995","63","1605","1967","3572"
"Denver","31","1995","64","1616","2040","3656"
"Denver","31","1995","65","1673","2076","3749"
"Denver","31","1995","66","1548","1901","3449"
"Denver","31","1995","67","1560","1944","3504"
"Denver","31","1995","68","1532","1965","3497"
"Denver","31","1995","69","1484","1963","3447"
"Denver","31","1995","70","1386","1879","3265"
"Denver","31","1995","71","1364","1822","3186"
"Denver","31","1995","72","1286","1783","3069"
"Denver","31","1995","73","1207","1796","3003"
"Denver","31","1995","74","1172","1751","2923"
"Denver","31","1995","75","1140","1741","2881"
"Denver","31","1995","76","1073","1676","2749"
"Denver","31","1995","77","1016","1625","2641"
"Denver","31","1995","78","1011","1576","2587"
"Denver","31","1995","79","864","1524","2388"
"Denver","31","1995","80","741","1371","2112"
"Denver","31","1995","81","696","1272","1968"
"Denver","31","1995","82","614","1207","1821"
"Denver","31","1995","83","540","1074","1614"
"Denver","31","1995","84","473","1006","1479"
"Denver","31","1995","85","417","920","1337"
"Denver","31","1995","86","364","819","1183"
"Denver","31","1995","87","291","754","1045"
"Denver","31","1995","88","241","641","882"
"Denver","31","1995","89","197","579","776"
"Denver","31","1995","90","629","2086","2715"
"Denver","31","1996","0","4149","3911","8060"
"Denver","31","1996","1","3912","3694","7606"
"Denver","31","1996","2","3700","3549","7249"
"Denver","31","1996","3","3598","3422","7020"
"Denver","31","1996","4","3526","3344","6870"
"Denver","31","1996","5","3364","3156","6520"
"Denver","31","1996","6","3337","3202","6539"
"Denver","31","1996","7","3412","3266","6678"
"Denver","31","1996","8","3188","3091","6279"
"Denver","31","1996","9","3239","3099","6338"
"Denver","31","1996","10","3188","2999","6187"
"Denver","31","1996","11","2951","2812","5763"
"Denver","31","1996","12","2887","2689","5576"
"Denver","31","1996","13","2765","2659","5424"
"Denver","31","1996","14","2789","2681","5470"
"Denver","31","1996","15","2740","2522","5262"
"Denver","31","1996","16","2806","2633","5439"
"Denver","31","1996","17","3040","2779","5819"
"Denver","31","1996","18","3144","2993","6137"
"Denver","31","1996","19","3653","3348","7001"
"Denver","31","1996","20","3863","3468","7331"
"Denver","31","1996","21","3862","3517","7379"
"Denver","31","1996","22","4074","3953","8027"
"Denver","31","1996","23","4408","4329","8737"
"Denver","31","1996","24","4914","4622","9536"
"Denver","31","1996","25","5494","5127","10621"
"Denver","31","1996","26","5559","5056","10615"
"Denver","31","1996","27","5767","5211","10978"
"Denver","31","1996","28","5806","5252","11058"
"Denver","31","1996","29","6238","5564","11802"
"Denver","31","1996","30","6216","5484","11700"
"Denver","31","1996","31","5560","4963","10523"
"Denver","31","1996","32","5339","4663","10002"
"Denver","31","1996","33","5059","4394","9453"
"Denver","31","1996","34","5058","4380","9438"
"Denver","31","1996","35","5174","4429","9603"
"Denver","31","1996","36","4851","4163","9014"
"Denver","31","1996","37","4602","4132","8734"
"Denver","31","1996","38","4427","3980","8407"
"Denver","31","1996","39","4403","4026","8429"
"Denver","31","1996","40","4422","3995","8417"
"Denver","31","1996","41","3948","3697","7645"
"Denver","31","1996","42","4058","3790","7848"
"Denver","31","1996","43","3819","3653","7472"
"Denver","31","1996","44","3513","3343","6856"
"Denver","31","1996","45","3606","3316","6922"
"Denver","31","1996","46","3291","3237","6528"
"Denver","31","1996","47","3225","3247","6472"
"Denver","31","1996","48","2980","3076","6056"
"Denver","31","1996","49","3014","2997","6011"
"Denver","31","1996","50","3013","2995","6008"
"Denver","31","1996","51","2761","2884","5645"
"Denver","31","1996","52","2736","2711","5447"
"Denver","31","1996","53","2588","2757","5345"
"Denver","31","1996","54","2269","2340","4609"
"Denver","31","1996","55","2133","2297","4430"
"Denver","31","1996","56","2056","2202","4258"
"Denver","31","1996","57","2026","2252","4278"
"Denver","31","1996","58","1851","2105","3956"
"Denver","31","1996","59","1828","2067","3895"
"Denver","31","1996","60","1805","2044","3849"
"Denver","31","1996","61","1702","2013","3715"
"Denver","31","1996","62","1694","1909","3603"
"Denver","31","1996","63","1593","1928","3521"
"Denver","31","1996","64","1595","1987","3582"
"Denver","31","1996","65","1651","2027","3678"
"Denver","31","1996","66","1514","1831","3345"
"Denver","31","1996","67","1529","1879","3408"
"Denver","31","1996","68","1498","1914","3412"
"Denver","31","1996","69","1457","1934","3391"
"Denver","31","1996","70","1376","1870","3246"
"Denver","31","1996","71","1364","1814","3178"
"Denver","31","1996","72","1293","1773","3066"
"Denver","31","1996","73","1218","1804","3022"
"Denver","31","1996","74","1184","1765","2949"
"Denver","31","1996","75","1155","1763","2918"
"Denver","31","1996","76","1098","1699","2797"
"Denver","31","1996","77","1032","1634","2666"
"Denver","31","1996","78","1037","1590","2627"
"Denver","31","1996","79","887","1540","2427"
"Denver","31","1996","80","767","1374","2141"
"Denver","31","1996","81","712","1277","1989"
"Denver","31","1996","82","624","1206","1830"
"Denver","31","1996","83","554","1078","1632"
"Denver","31","1996","84","481","1012","1493"
"Denver","31","1996","85","419","924","1343"
"Denver","31","1996","86","373","827","1200"
"Denver","31","1996","87","299","765","1064"
"Denver","31","1996","88","252","655","907"
"Denver","31","1996","89","198","582","780"
"Denver","31","1996","90","647","2112","2759"
"Denver","31","1997","0","4178","3946","8124"
"Denver","31","1997","1","3941","3721","7662"
"Denver","31","1997","2","3715","3571","7286"
"Denver","31","1997","3","3616","3425","7041"
"Denver","31","1997","4","3559","3372","6931"
"Denver","31","1997","5","3404","3191","6595"
"Denver","31","1997","6","3380","3249","6629"
"Denver","31","1997","7","3463","3324","6787"
"Denver","31","1997","8","3264","3162","6426"
"Denver","31","1997","9","3292","3159","6451"
"Denver","31","1997","10","3272","3062","6334"
"Denver","31","1997","11","3029","2890","5919"
"Denver","31","1997","12","2965","2748","5713"
"Denver","31","1997","13","2839","2725","5564"
"Denver","31","1997","14","2864","2759","5623"
"Denver","31","1997","15","2811","2580","5391"
"Denver","31","1997","16","2883","2703","5586"
"Denver","31","1997","17","3128","2844","5972"
"Denver","31","1997","18","3221","3049","6270"
"Denver","31","1997","19","3718","3381","7099"
"Denver","31","1997","20","3949","3509","7458"
"Denver","31","1997","21","3968","3571","7539"
"Denver","31","1997","22","4208","4078","8286"
"Denver","31","1997","23","4579","4466","9045"
"Denver","31","1997","24","5087","4739","9826"
"Denver","31","1997","25","5686","5280","10966"
"Denver","31","1997","26","5719","5153","10872"
"Denver","31","1997","27","5929","5314","11243"
"Denver","31","1997","28","6022","5374","11396"
"Denver","31","1997","29","6397","5628","12025"
"Denver","31","1997","30","6399","5583","11982"
"Denver","31","1997","31","5655","4993","10648"
"Denver","31","1997","32","5400","4661","10061"
"Denver","31","1997","33","5108","4340","9448"
"Denver","31","1997","34","5085","4352","9437"
"Denver","31","1997","35","5245","4448","9693"
"Denver","31","1997","36","4910","4153","9063"
"Denver","31","1997","37","4630","4127","8757"
"Denver","31","1997","38","4498","4014","8512"
"Denver","31","1997","39","4423","4040","8463"
"Denver","31","1997","40","4502","4039","8541"
"Denver","31","1997","41","3988","3722","7710"
"Denver","31","1997","42","4133","3847","7980"
"Denver","31","1997","43","3891","3698","7589"
"Denver","31","1997","44","3652","3470","7122"
"Denver","31","1997","45","3779","3447","7226"
"Denver","31","1997","46","3442","3360","6802"
"Denver","31","1997","47","3371","3384","6755"
"Denver","31","1997","48","3158","3245","6403"
"Denver","31","1997","49","3176","3147","6323"
"Denver","31","1997","50","3208","3177","6385"
"Denver","31","1997","51","2934","3046","5980"
"Denver","31","1997","52","2912","2858","5770"
"Denver","31","1997","53","2745","2920","5665"
"Denver","31","1997","54","2351","2410","4761"
"Denver","31","1997","55","2206","2359","4565"
"Denver","31","1997","56","2136","2268","4404"
"Denver","31","1997","57","2081","2306","4387"
"Denver","31","1997","58","1889","2136","4025"
"Denver","31","1997","59","1823","2057","3880"
"Denver","31","1997","60","1803","2026","3829"
"Denver","31","1997","61","1686","1987","3673"
"Denver","31","1997","62","1677","1868","3545"
"Denver","31","1997","63","1575","1881","3456"
"Denver","31","1997","64","1569","1925","3494"
"Denver","31","1997","65","1623","1969","3592"
"Denver","31","1997","66","1473","1753","3226"
"Denver","31","1997","67","1490","1806","3296"
"Denver","31","1997","68","1458","1854","3312"
"Denver","31","1997","69","1424","1898","3322"
"Denver","31","1997","70","1361","1854","3215"
"Denver","31","1997","71","1358","1799","3157"
"Denver","31","1997","72","1297","1756","3053"
"Denver","31","1997","73","1225","1807","3032"
"Denver","31","1997","74","1192","1774","2966"
"Denver","31","1997","75","1166","1780","2946"
"Denver","31","1997","76","1121","1717","2838"
"Denver","31","1997","77","1045","1638","2683"
"Denver","31","1997","78","1060","1601","2661"
"Denver","31","1997","79","907","1551","2458"
"Denver","31","1997","80","791","1373","2164"
"Denver","31","1997","81","726","1277","2003"
"Denver","31","1997","82","632","1201","1833"
"Denver","31","1997","83","567","1079","1646"
"Denver","31","1997","84","488","1015","1503"
"Denver","31","1997","85","420","924","1344"
"Denver","31","1997","86","381","832","1213"
"Denver","31","1997","87","306","773","1079"
"Denver","31","1997","88","262","667","929"
"Denver","31","1997","89","198","584","782"
"Denver","31","1997","90","664","2132","2796"
"Denver","31","1998","0","4181","3957","8138"
"Denver","31","1998","1","3946","3724","7670"
"Denver","31","1998","2","3705","3570","7275"
"Denver","31","1998","3","3612","3405","7017"
"Denver","31","1998","4","3569","3380","6949"
"Denver","31","1998","5","3422","3205","6627"
"Denver","31","1998","6","3402","3276","6678"
"Denver","31","1998","7","3494","3361","6855"
"Denver","31","1998","8","3320","3215","6535"
"Denver","31","1998","9","3326","3201","6527"
"Denver","31","1998","10","3337","3106","6443"
"Denver","31","1998","11","3088","2951","6039"
"Denver","31","1998","12","3027","2790","5817"
"Denver","31","1998","13","2896","2774","5670"
"Denver","31","1998","14","2923","2821","5744"
"Denver","31","1998","15","2864","2622","5486"
"Denver","31","1998","16","2943","2757","5700"
"Denver","31","1998","17","3197","2892","6089"
"Denver","31","1998","18","3279","3085","6364"
"Denver","31","1998","19","3760","3392","7152"
"Denver","31","1998","20","4011","3528","7539"
"Denver","31","1998","21","4052","3603","7655"
"Denver","31","1998","22","4318","4179","8497"
"Denver","31","1998","23","4725","4578","9303"
"Denver","31","1998","24","5232","4827","10059"
"Denver","31","1998","25","5846","5402","11248"
"Denver","31","1998","26","5847","5218","11065"
"Denver","31","1998","27","6057","5385","11442"
"Denver","31","1998","28","6204","5465","11669"
"Denver","31","1998","29","6519","5658","12177"
"Denver","31","1998","30","6544","5648","12192"
"Denver","31","1998","31","5715","4991","10706"
"Denver","31","1998","32","5428","4628","10056"
"Denver","31","1998","33","5125","4256","9381"
"Denver","31","1998","34","5079","4295","9374"
"Denver","31","1998","35","5284","4437","9721"
"Denver","31","1998","36","4937","4116","9053"
"Denver","31","1998","37","4629","4095","8724"
"Denver","31","1998","38","4542","4023","8565"
"Denver","31","1998","39","4414","4027","8441"
"Denver","31","1998","40","4554","4057","8611"
"Denver","31","1998","41","4003","3723","7726"
"Denver","31","1998","42","4182","3881","8063"
"Denver","31","1998","43","3941","3720","7661"
"Denver","31","1998","44","3772","3578","7350"
"Denver","31","1998","45","3933","3558","7491"
"Denver","31","1998","46","3575","3464","7039"
"Denver","31","1998","47","3499","3503","7002"
"Denver","31","1998","48","3321","3398","6719"
"Denver","31","1998","49","3322","3281","6603"
"Denver","31","1998","50","3388","3343","6731"
"Denver","31","1998","51","3092","3192","6284"
"Denver","31","1998","52","3073","2991","6064"
"Denver","31","1998","53","2889","3069","5958"
"Denver","31","1998","54","2420","2465","4885"
"Denver","31","1998","55","2267","2407","4674"
"Denver","31","1998","56","2203","2321","4524"
"Denver","31","1998","57","2125","2347","4472"
"Denver","31","1998","58","1915","2153","4068"
"Denver","31","1998","59","1805","2033","3838"
"Denver","31","1998","60","1789","1993","3782"
"Denver","31","1998","61","1658","1947","3605"
"Denver","31","1998","62","1648","1814","3462"
"Denver","31","1998","63","1546","1820","3366"
"Denver","31","1998","64","1531","1849","3380"
"Denver","31","1998","65","1584","1896","3480"
"Denver","31","1998","66","1422","1660","3082"
"Denver","31","1998","67","1441","1719","3160"
"Denver","31","1998","68","1408","1780","3188"
"Denver","31","1998","69","1380","1849","3229"
"Denver","31","1998","70","1336","1826","3162"
"Denver","31","1998","71","1343","1773","3116"
"Denver","31","1998","72","1292","1727","3019"
"Denver","31","1998","73","1224","1797","3021"
"Denver","31","1998","74","1193","1771","2964"
"Denver","31","1998","75","1169","1786","2955"
"Denver","31","1998","76","1137","1724","2861"
"Denver","31","1998","77","1052","1631","2683"
"Denver","31","1998","78","1076","1600","2676"
"Denver","31","1998","79","922","1552","2474"
"Denver","31","1998","80","810","1362","2172"
"Denver","31","1998","81","736","1269","2005"
"Denver","31","1998","82","637","1188","1825"
"Denver","31","1998","83","576","1073","1649"
"Denver","31","1998","84","492","1011","1503"
"Denver","31","1998","85","418","919","1337"
"Denver","31","1998","86","386","832","1218"
"Denver","31","1998","87","312","777","1089"
"Denver","31","1998","88","271","676","947"
"Denver","31","1998","89","198","581","779"
"Denver","31","1998","90","677","2138","2815"
"Denver","31","1999","0","4231","4012","8243"
"Denver","31","1999","1","3994","3769","7763"
"Denver","31","1999","2","3737","3610","7347"
"Denver","31","1999","3","3647","3422","7069"
"Denver","31","1999","4","3619","3425","7044"
"Denver","31","1999","5","3479","3256","6735"
"Denver","31","1999","6","3463","3341","6804"
"Denver","31","1999","7","3564","3437","7001"
"Denver","31","1999","8","3416","3305","6721"
"Denver","31","1999","9","3397","3280","6677"
"Denver","31","1999","10","3441","3186","6627"
"Denver","31","1999","11","3185","3047","6232"
"Denver","31","1999","12","3124","2865","5989"
"Denver","31","1999","13","2987","2857","5844"
"Denver","31","1999","14","3015","2916","5931"
"Denver","31","1999","15","2952","2695","5647"
"Denver","31","1999","16","3037","2843","5880"
"Denver","31","1999","17","3305","2974","6279"
"Denver","31","1999","18","3376","3158","6534"
"Denver","31","1999","19","3846","3441","7287"
"Denver","31","1999","20","4120","3587","7707"
"Denver","31","1999","21","4183","3676","7859"
"Denver","31","1999","22","4480","4330","8810"
"Denver","31","1999","23","4928","4744","9672"
"Denver","31","1999","24","5441","4973","10414"
"Denver","31","1999","25","6076","5589","11665"
"Denver","31","1999","26","6044","5344","11388"
"Denver","31","1999","27","6257","5519","11776"
"Denver","31","1999","28","6461","5619","12080"
"Denver","31","1999","29","6717","5751","12468"
"Denver","31","1999","30","6768","5778","12546"
"Denver","31","1999","31","5841","5044","10885"
"Denver","31","1999","32","5517","4646","10163"
"Denver","31","1999","33","5200","4216","9416"
"Denver","31","1999","34","5129","4283","9412"
"Denver","31","1999","35","5384","4476","9860"
"Denver","31","1999","36","5020","4123","9143"
"Denver","31","1999","37","4679","4107","8786"
"Denver","31","1999","38","4637","4077","8714"
"Denver","31","1999","39","4454","4059","8513"
"Denver","31","1999","40","4659","4121","8780"
"Denver","31","1999","41","4064","3766","7830"
"Denver","31","1999","42","4280","3959","8239"
"Denver","31","1999","43","4035","3784","7819"
"Denver","31","1999","44","3937","3729","7666"
"Denver","31","1999","45","4135","3713","7848"
"Denver","31","1999","46","3751","3609","7360"
"Denver","31","1999","47","3671","3666","7337"
"Denver","31","1999","48","3526","3594","7120"
"Denver","31","1999","49","3510","3456","6966"
"Denver","31","1999","50","3612","3552","7164"
"Denver","31","1999","51","3290","3378","6668"
"Denver","31","1999","52","3275","3161","6436"
"Denver","31","1999","53","3071","3257","6328"
"Denver","31","1999","54","2519","2550","5069"
"Denver","31","1999","55","2355","2484","4839"
"Denver","31","1999","56","2298","2401","4699"
"Denver","31","1999","57","2194","2415","4609"
"Denver","31","1999","58","1964","2195","4159"
"Denver","31","1999","59","1807","2031","3838"
"Denver","31","1999","60","1794","1981","3775"
"Denver","31","1999","61","1648","1927","3575"
"Denver","31","1999","62","1636","1778","3414"
"Denver","31","1999","63","1533","1777","3310"
"Denver","31","1999","64","1508","1791","3299"
"Denver","31","1999","65","1561","1842","3403"
"Denver","31","1999","66","1385","1583","2968"
"Denver","31","1999","67","1407","1648","3055"
"Denver","31","1999","68","1371","1723","3094"
"Denver","31","1999","69","1351","1818","3169"
"Denver","31","1999","70","1325","1816","3141"
"Denver","31","1999","71","1343","1764","3107"
"Denver","31","1999","72","1301","1717","3018"
"Denver","31","1999","73","1236","1807","3043"
"Denver","31","1999","74","1207","1788","2995"
"Denver","31","1999","75","1186","1812","2998"
"Denver","31","1999","76","1166","1750","2916"
"Denver","31","1999","77","1070","1642","2712"
"Denver","31","1999","78","1105","1618","2723"
"Denver","31","1999","79","948","1571","2519"
"Denver","31","1999","80","840","1366","2206"
"Denver","31","1999","81","754","1275","2029"
"Denver","31","1999","82","648","1188","1836"
"Denver","31","1999","83","592","1078","1670"
"Denver","31","1999","84","501","1018","1519"
"Denver","31","1999","85","420","923","1343"
"Denver","31","1999","86","396","841","1237"
"Denver","31","1999","87","321","790","1111"
"Denver","31","1999","88","284","692","976"
"Denver","31","1999","89","199","585","784"
"Denver","31","1999","90","697","2168","2865"
"Denver","31","2000","0","4272","4058","8330"
"Denver","31","2000","1","4035","3806","7841"
"Denver","31","2000","2","3760","3641","7401"
"Denver","31","2000","3","3675","3432","7107"
"Denver","31","2000","4","3662","3463","7125"
"Denver","31","2000","5","3529","3300","6829"
"Denver","31","2000","6","3517","3399","6916"
"Denver","31","2000","7","3628","3507","7135"
"Denver","31","2000","8","3506","3390","6896"
"Denver","31","2000","9","3463","3353","6816"
"Denver","31","2000","10","3541","3262","6803"
"Denver","31","2000","11","3277","3139","6416"
"Denver","31","2000","12","3217","2935","6152"
"Denver","31","2000","13","3075","2935","6010"
"Denver","31","2000","14","3104","3008","6112"
"Denver","31","2000","15","3035","2764","5799"
"Denver","31","2000","16","3128","2926","6054"
"Denver","31","2000","17","3409","3052","6461"
"Denver","31","2000","18","3469","3225","6694"
"Denver","31","2000","19","3925","3484","7409"
"Denver","31","2000","20","4222","3639","7861"
"Denver","31","2000","21","4309","3743","8052"
"Denver","31","2000","22","4638","4476","9114"
"Denver","31","2000","23","5128","4908","10036"
"Denver","31","2000","24","5644","5111","10755"
"Denver","31","2000","25","6301","5769","12070"
"Denver","31","2000","26","6234","5462","11696"
"Denver","31","2000","27","6449","5644","12093"
"Denver","31","2000","28","6713","5765","12478"
"Denver","31","2000","29","6907","5834","12741"
"Denver","31","2000","30","6983","5899","12882"
"Denver","31","2000","31","5958","5087","11045"
"Denver","31","2000","32","5595","4652","10247"
"Denver","31","2000","33","5264","4164","9428"
"Denver","31","2000","34","5168","4260","9428"
"Denver","31","2000","35","5473","4504","9977"
"Denver","31","2000","36","5094","4120","9214"
"Denver","31","2000","37","4719","4109","8828"
"Denver","31","2000","38","4725","4123","8848"
"Denver","31","2000","39","4485","4082","8567"
"Denver","31","2000","40","4756","4177","8933"
"Denver","31","2000","41","4116","3801","7917"
"Denver","31","2000","42","4371","4031","8402"
"Denver","31","2000","43","4124","3841","7965"
"Denver","31","2000","44","4100","3877","7977"
"Denver","31","2000","45","4335","3865","8200"
"Denver","31","2000","46","3926","3752","7678"
"Denver","31","2000","47","3840","3825","7665"
"Denver","31","2000","48","3731","3790","7521"
"Denver","31","2000","49","3697","3629","7326"
"Denver","31","2000","50","3837","3761","7598"
"Denver","31","2000","51","3489","3565","7054"
"Denver","31","2000","52","3477","3331","6808"
"Denver","31","2000","53","3252","3444","6696"
"Denver","31","2000","54","2615","2632","5247"
"Denver","31","2000","55","2440","2557","4997"
"Denver","31","2000","56","2390","2478","4868"
"Denver","31","2000","57","2260","2480","4740"
"Denver","31","2000","58","2010","2234","4244"
"Denver","31","2000","59","1805","2023","3828"
"Denver","31","2000","60","1795","1964","3759"
"Denver","31","2000","61","1633","1901","3534"
"Denver","31","2000","62","1620","1736","3356"
"Denver","31","2000","63","1516","1728","3244"
"Denver","31","2000","64","1481","1725","3206"
"Denver","31","2000","65","1533","1781","3314"
"Denver","31","2000","66","1342","1498","2840"
"Denver","31","2000","67","1367","1570","2937"
"Denver","31","2000","68","1330","1660","2990"
"Denver","31","2000","69","1316","1781","3097"
"Denver","31","2000","70","1311","1802","3113"
"Denver","31","2000","71","1339","1751","3090"
"Denver","31","2000","72","1307","1702","3009"
"Denver","31","2000","73","1246","1813","3059"
"Denver","31","2000","74","1218","1801","3019"
"Denver","31","2000","75","1200","1834","3034"
"Denver","31","2000","76","1193","1773","2966"
"Denver","31","2000","77","1087","1650","2737"
"Denver","31","2000","78","1132","1632","2764"
"Denver","31","2000","79","972","1586","2558"
"Denver","31","2000","80","868","1367","2235"
"Denver","31","2000","81","771","1278","2049"
"Denver","31","2000","82","659","1185","1844"
"Denver","31","2000","83","607","1081","1688"
"Denver","31","2000","84","509","1023","1532"
"Denver","31","2000","85","422","925","1347"
"Denver","31","2000","86","406","848","1254"
"Denver","31","2000","87","330","801","1131"
"Denver","31","2000","88","296","707","1003"
"Denver","31","2000","89","200","588","788"
