"id","county","fipscode","year","age","malepopulation","femalepopulation","totalpopulation","datatype"
"1","Adams","1","1990","0","2354","2404","4758","Estimate"
"2","Adams","1","1990","1","2345","2375","4720","Estimate"
"3","Adams","1","1990","2","2413","2219","4632","Estimate"
"4","Adams","1","1990","3","2321","2261","4582","Estimate"
"5","Adams","1","1990","4","2433","2302","4735","Estimate"
"6","Adams","1","1990","5","2401","2216","4617","Estimate"
"7","Adams","1","1990","6","2370","2228","4598","Estimate"
"8","Adams","1","1990","7","2436","2276","4712","Estimate"
"9","Adams","1","1990","8","2249","2151","4400","Estimate"
"10","Adams","1","1990","9","2344","2265","4609","Estimate"
"11","Adams","1","1990","10","2196","2119","4315","Estimate"
"12","Adams","1","1990","11","2152","1940","4092","Estimate"
"13","Adams","1","1990","12","2071","1886","3957","Estimate"
"14","Adams","1","1990","13","1988","1886","3874","Estimate"
"15","Adams","1","1990","14","1897","1840","3737","Estimate"
"16","Adams","1","1990","15","1902","1801","3703","Estimate"
"17","Adams","1","1990","16","1829","1747","3576","Estimate"
"18","Adams","1","1990","17","1931","1846","3777","Estimate"
"19","Adams","1","1990","18","1887","1763","3650","Estimate"
"20","Adams","1","1990","19","1985","1926","3911","Estimate"
"21","Adams","1","1990","20","1902","1912","3814","Estimate"
"22","Adams","1","1990","21","1758","1849","3607","Estimate"
"23","Adams","1","1990","22","1714","1862","3576","Estimate"
"24","Adams","1","1990","23","1901","2024","3925","Estimate"
"25","Adams","1","1990","24","2071","2157","4228","Estimate"
"26","Adams","1","1990","25","2243","2407","4650","Estimate"
"27","Adams","1","1990","26","2420","2482","4902","Estimate"
"28","Adams","1","1990","27","2597","2649","5246","Estimate"
"29","Adams","1","1990","28","2587","2566","5153","Estimate"
"30","Adams","1","1990","29","2854","2787","5641","Estimate"
"31","Adams","1","1990","30","2839","2729","5568","Estimate"
"32","Adams","1","1990","31","2793","2653","5446","Estimate"
"33","Adams","1","1990","32","2757","2653","5410","Estimate"
"34","Adams","1","1990","33","2657","2533","5190","Estimate"
"35","Adams","1","1990","34","2654","2567","5221","Estimate"
"36","Adams","1","1990","35","2563","2384","4947","Estimate"
"37","Adams","1","1990","36","2448","2314","4762","Estimate"
"38","Adams","1","1990","37","2442","2283","4725","Estimate"
"39","Adams","1","1990","38","2204","2068","4272","Estimate"
"40","Adams","1","1990","39","2198","2176","4374","Estimate"
"41","Adams","1","1990","40","2085","2056","4141","Estimate"
"42","Adams","1","1990","41","2028","2034","4062","Estimate"
"43","Adams","1","1990","42","2070","1992","4062","Estimate"
"44","Adams","1","1990","43","1952","1995","3947","Estimate"
"45","Adams","1","1990","44","1455","1448","2903","Estimate"
"46","Adams","1","1990","45","1479","1540","3019","Estimate"
"47","Adams","1","1990","46","1460","1467","2927","Estimate"
"48","Adams","1","1990","47","1513","1515","3028","Estimate"
"49","Adams","1","1990","48","1274","1315","2589","Estimate"
"50","Adams","1","1990","49","1242","1375","2617","Estimate"
"51","Adams","1","1990","50","1186","1280","2466","Estimate"
"52","Adams","1","1990","51","1183","1275","2458","Estimate"
"53","Adams","1","1990","52","1146","1289","2435","Estimate"
"54","Adams","1","1990","53","1147","1204","2351","Estimate"
"55","Adams","1","1990","54","1162","1216","2378","Estimate"
"56","Adams","1","1990","55","1103","1201","2304","Estimate"
"57","Adams","1","1990","56","1056","1086","2142","Estimate"
"58","Adams","1","1990","57","1083","1128","2211","Estimate"
"59","Adams","1","1990","58","1032","1043","2075","Estimate"
"60","Adams","1","1990","59","1094","1110","2204","Estimate"
"61","Adams","1","1990","60","1028","1073","2101","Estimate"
"62","Adams","1","1990","61","982","1030","2012","Estimate"
"63","Adams","1","1990","62","948","1045","1993","Estimate"
"64","Adams","1","1990","63","852","953","1805","Estimate"
"65","Adams","1","1990","64","818","934","1752","Estimate"
"66","Adams","1","1990","65","771","959","1730","Estimate"
"67","Adams","1","1990","66","737","883","1620","Estimate"
"68","Adams","1","1990","67","673","854","1527","Estimate"
"69","Adams","1","1990","68","696","795","1491","Estimate"
"70","Adams","1","1990","69","622","752","1374","Estimate"
"71","Adams","1","1990","70","571","627","1198","Estimate"
"72","Adams","1","1990","71","496","630","1126","Estimate"
"73","Adams","1","1990","72","470","562","1032","Estimate"
"74","Adams","1","1990","73","436","551","987","Estimate"
"75","Adams","1","1990","74","373","535","908","Estimate"
"76","Adams","1","1990","75","328","486","814","Estimate"
"77","Adams","1","1990","76","311","431","742","Estimate"
"78","Adams","1","1990","77","284","432","716","Estimate"
"79","Adams","1","1990","78","233","371","604","Estimate"
"80","Adams","1","1990","79","240","354","594","Estimate"
"81","Adams","1","1990","80","196","317","513","Estimate"
"82","Adams","1","1990","81","172","277","449","Estimate"
"83","Adams","1","1990","82","163","249","412","Estimate"
"84","Adams","1","1990","83","114","262","376","Estimate"
"85","Adams","1","1990","84","96","232","328","Estimate"
"86","Adams","1","1990","85","79","185","264","Estimate"
"87","Adams","1","1990","86","68","146","214","Estimate"
"88","Adams","1","1990","87","57","131","188","Estimate"
"89","Adams","1","1990","88","53","112","165","Estimate"
"90","Adams","1","1990","89","35","127","162","Estimate"
"91","Adams","1","1990","90","144","437","581","Estimate"
"92","Adams","1","1991","0","2433","2461","4894","Estimate"
"93","Adams","1","1991","1","2424","2426","4850","Estimate"
"94","Adams","1","1991","2","2458","2273","4731","Estimate"
"95","Adams","1","1991","3","2379","2312","4691","Estimate"
"96","Adams","1","1991","4","2482","2344","4826","Estimate"
"97","Adams","1","1991","5","2446","2268","4714","Estimate"
"98","Adams","1","1991","6","2418","2278","4696","Estimate"
"99","Adams","1","1991","7","2477","2334","4811","Estimate"
"100","Adams","1","1991","8","2316","2221","4537","Estimate"
"101","Adams","1","1991","9","2394","2317","4711","Estimate"
"102","Adams","1","1991","10","2257","2175","4432","Estimate"
"103","Adams","1","1991","11","2202","2011","4213","Estimate"
"104","Adams","1","1991","12","2127","1951","4078","Estimate"
"105","Adams","1","1991","13","2053","1943","3996","Estimate"
"106","Adams","1","1991","14","1970","1906","3876","Estimate"
"107","Adams","1","1991","15","1962","1866","3828","Estimate"
"108","Adams","1","1991","16","1897","1810","3707","Estimate"
"109","Adams","1","1991","17","2013","1907","3920","Estimate"
"110","Adams","1","1991","18","1959","1823","3782","Estimate"
"111","Adams","1","1991","19","2052","1957","4009","Estimate"
"112","Adams","1","1991","20","1980","1954","3934","Estimate"
"113","Adams","1","1991","21","1843","1888","3731","Estimate"
"114","Adams","1","1991","22","1805","1917","3722","Estimate"
"115","Adams","1","1991","23","1980","2073","4053","Estimate"
"116","Adams","1","1991","24","2152","2204","4356","Estimate"
"117","Adams","1","1991","25","2318","2433","4751","Estimate"
"118","Adams","1","1991","26","2472","2488","4960","Estimate"
"119","Adams","1","1991","27","2636","2662","5298","Estimate"
"120","Adams","1","1991","28","2639","2596","5235","Estimate"
"121","Adams","1","1991","29","2912","2818","5730","Estimate"
"122","Adams","1","1991","30","2898","2759","5657","Estimate"
"123","Adams","1","1991","31","2824","2671","5495","Estimate"
"124","Adams","1","1991","32","2782","2667","5449","Estimate"
"125","Adams","1","1991","33","2682","2559","5241","Estimate"
"126","Adams","1","1991","34","2686","2580","5266","Estimate"
"127","Adams","1","1991","35","2625","2437","5062","Estimate"
"128","Adams","1","1991","36","2519","2371","4890","Estimate"
"129","Adams","1","1991","37","2517","2342","4859","Estimate"
"130","Adams","1","1991","38","2305","2158","4463","Estimate"
"131","Adams","1","1991","39","2282","2254","4536","Estimate"
"132","Adams","1","1991","40","2200","2144","4344","Estimate"
"133","Adams","1","1991","41","2117","2102","4219","Estimate"
"134","Adams","1","1991","42","2157","2068","4225","Estimate"
"135","Adams","1","1991","43","2038","2054","4092","Estimate"
"136","Adams","1","1991","44","1562","1554","3116","Estimate"
"137","Adams","1","1991","45","1597","1628","3225","Estimate"
"138","Adams","1","1991","46","1558","1552","3110","Estimate"
"139","Adams","1","1991","47","1599","1585","3184","Estimate"
"140","Adams","1","1991","48","1369","1401","2770","Estimate"
"141","Adams","1","1991","49","1329","1445","2774","Estimate"
"142","Adams","1","1991","50","1280","1367","2647","Estimate"
"143","Adams","1","1991","51","1259","1351","2610","Estimate"
"144","Adams","1","1991","52","1239","1368","2607","Estimate"
"145","Adams","1","1991","53","1234","1273","2507","Estimate"
"146","Adams","1","1991","54","1191","1248","2439","Estimate"
"147","Adams","1","1991","55","1136","1229","2365","Estimate"
"148","Adams","1","1991","56","1091","1124","2215","Estimate"
"149","Adams","1","1991","57","1118","1160","2278","Estimate"
"150","Adams","1","1991","58","1052","1075","2127","Estimate"
"151","Adams","1","1991","59","1099","1129","2228","Estimate"
"152","Adams","1","1991","60","1037","1084","2121","Estimate"
"153","Adams","1","1991","61","988","1041","2029","Estimate"
"154","Adams","1","1991","62","956","1057","2013","Estimate"
"155","Adams","1","1991","63","862","961","1823","Estimate"
"156","Adams","1","1991","64","828","947","1775","Estimate"
"157","Adams","1","1991","65","788","964","1752","Estimate"
"158","Adams","1","1991","66","746","889","1635","Estimate"
"159","Adams","1","1991","67","687","861","1548","Estimate"
"160","Adams","1","1991","68","709","810","1519","Estimate"
"161","Adams","1","1991","69","639","762","1401","Estimate"
"162","Adams","1","1991","70","591","650","1241","Estimate"
"163","Adams","1","1991","71","513","649","1162","Estimate"
"164","Adams","1","1991","72","486","590","1076","Estimate"
"165","Adams","1","1991","73","452","571","1023","Estimate"
"166","Adams","1","1991","74","391","556","947","Estimate"
"167","Adams","1","1991","75","344","511","855","Estimate"
"168","Adams","1","1991","76","329","454","783","Estimate"
"169","Adams","1","1991","77","299","450","749","Estimate"
"170","Adams","1","1991","78","253","390","643","Estimate"
"171","Adams","1","1991","79","252","372","624","Estimate"
"172","Adams","1","1991","80","206","330","536","Estimate"
"173","Adams","1","1991","81","180","289","469","Estimate"
"174","Adams","1","1991","82","167","263","430","Estimate"
"175","Adams","1","1991","83","122","269","391","Estimate"
"176","Adams","1","1991","84","104","239","343","Estimate"
"177","Adams","1","1991","85","86","193","279","Estimate"
"178","Adams","1","1991","86","73","158","231","Estimate"
"179","Adams","1","1991","87","59","140","199","Estimate"
"180","Adams","1","1991","88","56","119","175","Estimate"
"181","Adams","1","1991","89","38","133","171","Estimate"
"182","Adams","1","1991","90","151","454","605","Estimate"
"183","Adams","1","1992","0","2510","2519","5029","Estimate"
"184","Adams","1","1992","1","2501","2479","4980","Estimate"
"185","Adams","1","1992","2","2505","2328","4833","Estimate"
"186","Adams","1","1992","3","2437","2363","4800","Estimate"
"187","Adams","1","1992","4","2534","2387","4921","Estimate"
"188","Adams","1","1992","5","2494","2320","4814","Estimate"
"189","Adams","1","1992","6","2468","2330","4798","Estimate"
"190","Adams","1","1992","7","2520","2393","4913","Estimate"
"191","Adams","1","1992","8","2382","2288","4670","Estimate"
"192","Adams","1","1992","9","2446","2370","4816","Estimate"
"193","Adams","1","1992","10","2317","2231","4548","Estimate"
"194","Adams","1","1992","11","2253","2080","4333","Estimate"
"195","Adams","1","1992","12","2182","2013","4195","Estimate"
"196","Adams","1","1992","13","2117","2000","4117","Estimate"
"197","Adams","1","1992","14","2039","1969","4008","Estimate"
"198","Adams","1","1992","15","2020","1928","3948","Estimate"
"199","Adams","1","1992","16","1962","1870","3832","Estimate"
"200","Adams","1","1992","17","2090","1966","4056","Estimate"
"201","Adams","1","1992","18","2028","1882","3910","Estimate"
"202","Adams","1","1992","19","2117","1992","4109","Estimate"
"203","Adams","1","1992","20","2055","1996","4051","Estimate"
"204","Adams","1","1992","21","1922","1929","3851","Estimate"
"205","Adams","1","1992","22","1890","1971","3861","Estimate"
"206","Adams","1","1992","23","2055","2123","4178","Estimate"
"207","Adams","1","1992","24","2228","2252","4480","Estimate"
"208","Adams","1","1992","25","2390","2466","4856","Estimate"
"209","Adams","1","1992","26","2526","2504","5030","Estimate"
"210","Adams","1","1992","27","2678","2684","5362","Estimate"
"211","Adams","1","1992","28","2694","2632","5326","Estimate"
"212","Adams","1","1992","29","2973","2854","5827","Estimate"
"213","Adams","1","1992","30","2958","2796","5754","Estimate"
"214","Adams","1","1992","31","2861","2696","5557","Estimate"
"215","Adams","1","1992","32","2813","2689","5502","Estimate"
"216","Adams","1","1992","33","2713","2591","5304","Estimate"
"217","Adams","1","1992","34","2722","2600","5322","Estimate"
"218","Adams","1","1992","35","2688","2492","5180","Estimate"
"219","Adams","1","1992","36","2589","2428","5017","Estimate"
"220","Adams","1","1992","37","2591","2399","4990","Estimate"
"221","Adams","1","1992","38","2400","2242","4642","Estimate"
"222","Adams","1","1992","39","2361","2328","4689","Estimate"
"223","Adams","1","1992","40","2305","2227","4532","Estimate"
"224","Adams","1","1992","41","2200","2168","4368","Estimate"
"225","Adams","1","1992","42","2239","2141","4380","Estimate"
"226","Adams","1","1992","43","2119","2112","4231","Estimate"
"227","Adams","1","1992","44","1659","1650","3309","Estimate"
"228","Adams","1","1992","45","1703","1708","3411","Estimate"
"229","Adams","1","1992","46","1647","1630","3277","Estimate"
"230","Adams","1","1992","47","1678","1651","3329","Estimate"
"231","Adams","1","1992","48","1455","1479","2934","Estimate"
"232","Adams","1","1992","49","1408","1510","2918","Estimate"
"233","Adams","1","1992","50","1364","1446","2810","Estimate"
"234","Adams","1","1992","51","1329","1421","2750","Estimate"
"235","Adams","1","1992","52","1322","1440","2762","Estimate"
"236","Adams","1","1992","53","1313","1337","2650","Estimate"
"237","Adams","1","1992","54","1220","1279","2499","Estimate"
"238","Adams","1","1992","55","1169","1258","2427","Estimate"
"239","Adams","1","1992","56","1125","1161","2286","Estimate"
"240","Adams","1","1992","57","1152","1192","2344","Estimate"
"241","Adams","1","1992","58","1073","1106","2179","Estimate"
"242","Adams","1","1992","59","1108","1150","2258","Estimate"
"243","Adams","1","1992","60","1048","1097","2145","Estimate"
"244","Adams","1","1992","61","997","1054","2051","Estimate"
"245","Adams","1","1992","62","967","1072","2039","Estimate"
"246","Adams","1","1992","63","874","971","1845","Estimate"
"247","Adams","1","1992","64","839","963","1802","Estimate"
"248","Adams","1","1992","65","805","972","1777","Estimate"
"249","Adams","1","1992","66","756","899","1655","Estimate"
"250","Adams","1","1992","67","702","870","1572","Estimate"
"251","Adams","1","1992","68","722","825","1547","Estimate"
"252","Adams","1","1992","69","656","774","1430","Estimate"
"253","Adams","1","1992","70","611","673","1284","Estimate"
"254","Adams","1","1992","71","530","668","1198","Estimate"
"255","Adams","1","1992","72","502","616","1118","Estimate"
"256","Adams","1","1992","73","467","591","1058","Estimate"
"257","Adams","1","1992","74","408","577","985","Estimate"
"258","Adams","1","1992","75","359","533","892","Estimate"
"259","Adams","1","1992","76","346","475","821","Estimate"
"260","Adams","1","1992","77","313","466","779","Estimate"
"261","Adams","1","1992","78","270","408","678","Estimate"
"262","Adams","1","1992","79","264","388","652","Estimate"
"263","Adams","1","1992","80","216","343","559","Estimate"
"264","Adams","1","1992","81","189","300","489","Estimate"
"265","Adams","1","1992","82","171","276","447","Estimate"
"266","Adams","1","1992","83","130","276","406","Estimate"
"267","Adams","1","1992","84","110","246","356","Estimate"
"268","Adams","1","1992","85","92","201","293","Estimate"
"269","Adams","1","1992","86","78","169","247","Estimate"
"270","Adams","1","1992","87","61","147","208","Estimate"
"271","Adams","1","1992","88","59","125","184","Estimate"
"272","Adams","1","1992","89","40","139","179","Estimate"
"273","Adams","1","1992","90","157","470","627","Estimate"
"274","Adams","1","1993","0","2601","2590","5191","Estimate"
"275","Adams","1","1993","1","2593","2546","5139","Estimate"
"276","Adams","1","1993","2","2565","2395","4960","Estimate"
"277","Adams","1","1993","3","2509","2427","4936","Estimate"
"278","Adams","1","1993","4","2598","2443","5041","Estimate"
"279","Adams","1","1993","5","2555","2384","4939","Estimate"
"280","Adams","1","1993","6","2531","2393","4924","Estimate"
"281","Adams","1","1993","7","2577","2465","5042","Estimate"
"282","Adams","1","1993","8","2461","2369","4830","Estimate"
"283","Adams","1","1993","9","2511","2436","4947","Estimate"
"284","Adams","1","1993","10","2391","2300","4691","Estimate"
"285","Adams","1","1993","11","2316","2161","4477","Estimate"
"286","Adams","1","1993","12","2250","2088","4338","Estimate"
"287","Adams","1","1993","13","2193","2068","4261","Estimate"
"288","Adams","1","1993","14","2121","2045","4166","Estimate"
"289","Adams","1","1993","15","2090","2002","4092","Estimate"
"290","Adams","1","1993","16","2040","1941","3981","Estimate"
"291","Adams","1","1993","17","2180","2038","4218","Estimate"
"292","Adams","1","1993","18","2110","1951","4061","Estimate"
"293","Adams","1","1993","19","2194","2036","4230","Estimate"
"294","Adams","1","1993","20","2142","2050","4192","Estimate"
"295","Adams","1","1993","21","2015","1980","3995","Estimate"
"296","Adams","1","1993","22","1987","2036","4023","Estimate"
"297","Adams","1","1993","23","2143","2185","4328","Estimate"
"298","Adams","1","1993","24","2319","2313","4632","Estimate"
"299","Adams","1","1993","25","2477","2511","4988","Estimate"
"300","Adams","1","1993","26","2594","2531","5125","Estimate"
"301","Adams","1","1993","27","2735","2719","5454","Estimate"
"302","Adams","1","1993","28","2762","2680","5442","Estimate"
"303","Adams","1","1993","29","3049","2905","5954","Estimate"
"304","Adams","1","1993","30","3035","2846","5881","Estimate"
"305","Adams","1","1993","31","2912","2733","5645","Estimate"
"306","Adams","1","1993","32","2858","2723","5581","Estimate"
"307","Adams","1","1993","33","2756","2635","5391","Estimate"
"308","Adams","1","1993","34","2772","2633","5405","Estimate"
"309","Adams","1","1993","35","2765","2560","5325","Estimate"
"310","Adams","1","1993","36","2673","2498","5171","Estimate"
"311","Adams","1","1993","37","2679","2471","5150","Estimate"
"312","Adams","1","1993","38","2510","2341","4851","Estimate"
"313","Adams","1","1993","39","2455","2416","4871","Estimate"
"314","Adams","1","1993","40","2426","2324","4750","Estimate"
"315","Adams","1","1993","41","2298","2247","4545","Estimate"
"316","Adams","1","1993","42","2335","2227","4562","Estimate"
"317","Adams","1","1993","43","2212","2182","4394","Estimate"
"318","Adams","1","1993","44","1768","1758","3526","Estimate"
"319","Adams","1","1993","45","1822","1801","3623","Estimate"
"320","Adams","1","1993","46","1748","1719","3467","Estimate"
"321","Adams","1","1993","47","1769","1728","3497","Estimate"
"322","Adams","1","1993","48","1552","1568","3120","Estimate"
"323","Adams","1","1993","49","1498","1585","3083","Estimate"
"324","Adams","1","1993","50","1459","1536","2995","Estimate"
"325","Adams","1","1993","51","1408","1501","2909","Estimate"
"326","Adams","1","1993","52","1417","1522","2939","Estimate"
"327","Adams","1","1993","53","1402","1409","2811","Estimate"
"328","Adams","1","1993","54","1255","1318","2573","Estimate"
"329","Adams","1","1993","55","1209","1294","2503","Estimate"
"330","Adams","1","1993","56","1166","1205","2371","Estimate"
"331","Adams","1","1993","57","1194","1230","2424","Estimate"
"332","Adams","1","1993","58","1099","1144","2243","Estimate"
"333","Adams","1","1993","59","1122","1177","2299","Estimate"
"334","Adams","1","1993","60","1065","1115","2180","Estimate"
"335","Adams","1","1993","61","1011","1073","2084","Estimate"
"336","Adams","1","1993","62","983","1092","2075","Estimate"
"337","Adams","1","1993","63","891","986","1877","Estimate"
"338","Adams","1","1993","64","854","983","1837","Estimate"
"339","Adams","1","1993","65","827","985","1812","Estimate"
"340","Adams","1","1993","66","771","913","1684","Estimate"
"341","Adams","1","1993","67","720","883","1603","Estimate"
"342","Adams","1","1993","68","740","845","1585","Estimate"
"343","Adams","1","1993","69","677","790","1467","Estimate"
"344","Adams","1","1993","70","634","700","1334","Estimate"
"345","Adams","1","1993","71","550","691","1241","Estimate"
"346","Adams","1","1993","72","520","647","1167","Estimate"
"347","Adams","1","1993","73","485","614","1099","Estimate"
"348","Adams","1","1993","74","428","601","1029","Estimate"
"349","Adams","1","1993","75","376","559","935","Estimate"
"350","Adams","1","1993","76","365","499","864","Estimate"
"351","Adams","1","1993","77","329","486","815","Estimate"
"352","Adams","1","1993","78","291","429","720","Estimate"
"353","Adams","1","1993","79","278","407","685","Estimate"
"354","Adams","1","1993","80","227","358","585","Estimate"
"355","Adams","1","1993","81","198","313","511","Estimate"
"356","Adams","1","1993","82","177","291","468","Estimate"
"357","Adams","1","1993","83","138","285","423","Estimate"
"358","Adams","1","1993","84","118","255","373","Estimate"
"359","Adams","1","1993","85","99","210","309","Estimate"
"360","Adams","1","1993","86","83","180","263","Estimate"
"361","Adams","1","1993","87","64","156","220","Estimate"
"362","Adams","1","1993","88","63","132","195","Estimate"
"363","Adams","1","1993","89","42","145","187","Estimate"
"364","Adams","1","1993","90","164","489","653","Estimate"
"365","Adams","1","1994","0","2699","2666","5365","Estimate"
"366","Adams","1","1994","1","2690","2616","5306","Estimate"
"367","Adams","1","1994","2","2630","2466","5096","Estimate"
"368","Adams","1","1994","3","2585","2495","5080","Estimate"
"369","Adams","1","1994","4","2667","2503","5170","Estimate"
"370","Adams","1","1994","5","2620","2453","5073","Estimate"
"371","Adams","1","1994","6","2598","2461","5059","Estimate"
"372","Adams","1","1994","7","2638","2542","5180","Estimate"
"373","Adams","1","1994","8","2545","2455","5000","Estimate"
"374","Adams","1","1994","9","2581","2506","5087","Estimate"
"375","Adams","1","1994","10","2469","2373","4842","Estimate"
"376","Adams","1","1994","11","2384","2247","4631","Estimate"
"377","Adams","1","1994","12","2322","2168","4490","Estimate"
"378","Adams","1","1994","13","2274","2140","4414","Estimate"
"379","Adams","1","1994","14","2209","2125","4334","Estimate"
"380","Adams","1","1994","15","2165","2081","4246","Estimate"
"381","Adams","1","1994","16","2122","2017","4139","Estimate"
"382","Adams","1","1994","17","2277","2113","4390","Estimate"
"383","Adams","1","1994","18","2197","2026","4223","Estimate"
"384","Adams","1","1994","19","2276","2083","4359","Estimate"
"385","Adams","1","1994","20","2235","2107","4342","Estimate"
"386","Adams","1","1994","21","2113","2034","4147","Estimate"
"387","Adams","1","1994","22","2091","2106","4197","Estimate"
"388","Adams","1","1994","23","2236","2251","4487","Estimate"
"389","Adams","1","1994","24","2415","2377","4792","Estimate"
"390","Adams","1","1994","25","2570","2558","5128","Estimate"
"391","Adams","1","1994","26","2666","2560","5226","Estimate"
"392","Adams","1","1994","27","2794","2755","5549","Estimate"
"393","Adams","1","1994","28","2835","2732","5567","Estimate"
"394","Adams","1","1994","29","3130","2959","6089","Estimate"
"395","Adams","1","1994","30","3116","2899","6015","Estimate"
"396","Adams","1","1994","31","2967","2773","5740","Estimate"
"397","Adams","1","1994","32","2905","2760","5665","Estimate"
"398","Adams","1","1994","33","2803","2682","5485","Estimate"
"399","Adams","1","1994","34","2825","2667","5492","Estimate"
"400","Adams","1","1994","35","2847","2633","5480","Estimate"
"401","Adams","1","1994","36","2764","2573","5337","Estimate"
"402","Adams","1","1994","37","2773","2547","5320","Estimate"
"403","Adams","1","1994","38","2627","2446","5073","Estimate"
"404","Adams","1","1994","39","2555","2510","5065","Estimate"
"405","Adams","1","1994","40","2555","2428","4983","Estimate"
"406","Adams","1","1994","41","2402","2331","4733","Estimate"
"407","Adams","1","1994","42","2437","2319","4756","Estimate"
"408","Adams","1","1994","43","2313","2257","4570","Estimate"
"409","Adams","1","1994","44","1884","1873","3757","Estimate"
"410","Adams","1","1994","45","1949","1900","3849","Estimate"
"411","Adams","1","1994","46","1856","1814","3670","Estimate"
"412","Adams","1","1994","47","1867","1810","3677","Estimate"
"413","Adams","1","1994","48","1655","1663","3318","Estimate"
"414","Adams","1","1994","49","1593","1664","3257","Estimate"
"415","Adams","1","1994","50","1561","1632","3193","Estimate"
"416","Adams","1","1994","51","1492","1586","3078","Estimate"
"417","Adams","1","1994","52","1517","1610","3127","Estimate"
"418","Adams","1","1994","53","1498","1487","2985","Estimate"
"419","Adams","1","1994","54","1294","1360","2654","Estimate"
"420","Adams","1","1994","55","1251","1332","2583","Estimate"
"421","Adams","1","1994","56","1210","1252","2462","Estimate"
"422","Adams","1","1994","57","1237","1272","2509","Estimate"
"423","Adams","1","1994","58","1128","1185","2313","Estimate"
"424","Adams","1","1994","59","1137","1205","2342","Estimate"
"425","Adams","1","1994","60","1082","1135","2217","Estimate"
"426","Adams","1","1994","61","1025","1093","2118","Estimate"
"427","Adams","1","1994","62","1000","1114","2114","Estimate"
"428","Adams","1","1994","63","909","1003","1912","Estimate"
"429","Adams","1","1994","64","871","1005","1876","Estimate"
"430","Adams","1","1994","65","850","999","1849","Estimate"
"431","Adams","1","1994","66","786","927","1713","Estimate"
"432","Adams","1","1994","67","740","896","1636","Estimate"
"433","Adams","1","1994","68","758","866","1624","Estimate"
"434","Adams","1","1994","69","700","807","1507","Estimate"
"435","Adams","1","1994","70","659","728","1387","Estimate"
"436","Adams","1","1994","71","572","715","1287","Estimate"
"437","Adams","1","1994","72","540","680","1220","Estimate"
"438","Adams","1","1994","73","504","639","1143","Estimate"
"439","Adams","1","1994","74","449","626","1075","Estimate"
"440","Adams","1","1994","75","394","587","981","Estimate"
"441","Adams","1","1994","76","385","525","910","Estimate"
"442","Adams","1","1994","77","346","507","853","Estimate"
"443","Adams","1","1994","78","312","450","762","Estimate"
"444","Adams","1","1994","79","292","427","719","Estimate"
"445","Adams","1","1994","80","239","374","613","Estimate"
"446","Adams","1","1994","81","209","327","536","Estimate"
"447","Adams","1","1994","82","183","307","490","Estimate"
"448","Adams","1","1994","83","147","294","441","Estimate"
"449","Adams","1","1994","84","126","265","391","Estimate"
"450","Adams","1","1994","85","106","220","326","Estimate"
"451","Adams","1","1994","86","89","193","282","Estimate"
"452","Adams","1","1994","87","66","165","231","Estimate"
"453","Adams","1","1994","88","67","140","207","Estimate"
"454","Adams","1","1994","89","45","152","197","Estimate"
"455","Adams","1","1994","90","171","509","680","Estimate"
"456","Adams","1","1995","0","2813","2757","5570","Estimate"
"457","Adams","1","1995","1","2805","2701","5506","Estimate"
"458","Adams","1","1995","2","2708","2552","5260","Estimate"
"459","Adams","1","1995","3","2676","2577","5253","Estimate"
"460","Adams","1","1995","4","2751","2576","5327","Estimate"
"461","Adams","1","1995","5","2699","2536","5235","Estimate"
"462","Adams","1","1995","6","2679","2543","5222","Estimate"
"463","Adams","1","1995","7","2712","2633","5345","Estimate"
"464","Adams","1","1995","8","2645","2557","5202","Estimate"
"465","Adams","1","1995","9","2664","2589","5253","Estimate"
"466","Adams","1","1995","10","2562","2459","5021","Estimate"
"467","Adams","1","1995","11","2464","2348","4812","Estimate"
"468","Adams","1","1995","12","2408","2261","4669","Estimate"
"469","Adams","1","1995","13","2368","2226","4594","Estimate"
"470","Adams","1","1995","14","2311","2219","4530","Estimate"
"471","Adams","1","1995","15","2253","2173","4426","Estimate"
"472","Adams","1","1995","16","2218","2106","4324","Estimate"
"473","Adams","1","1995","17","2388","2202","4590","Estimate"
"474","Adams","1","1995","18","2298","2113","4411","Estimate"
"475","Adams","1","1995","19","2373","2142","4515","Estimate"
"476","Adams","1","1995","20","2343","2176","4519","Estimate"
"477","Adams","1","1995","21","2226","2099","4325","Estimate"
"478","Adams","1","1995","22","2210","2188","4398","Estimate"
"479","Adams","1","1995","23","2345","2330","4675","Estimate"
"480","Adams","1","1995","24","2527","2455","4982","Estimate"
"481","Adams","1","1995","25","2678","2618","5296","Estimate"
"482","Adams","1","1995","26","2752","2599","5351","Estimate"
"483","Adams","1","1995","27","2868","2803","5671","Estimate"
"484","Adams","1","1995","28","2924","2796","5720","Estimate"
"485","Adams","1","1995","29","3228","3027","6255","Estimate"
"486","Adams","1","1995","30","3214","2966","6180","Estimate"
"487","Adams","1","1995","31","3035","2826","5861","Estimate"
"488","Adams","1","1995","32","2966","2808","5774","Estimate"
"489","Adams","1","1995","33","2863","2741","5604","Estimate"
"490","Adams","1","1995","34","2892","2713","5605","Estimate"
"491","Adams","1","1995","35","2946","2720","5666","Estimate"
"492","Adams","1","1995","36","2870","2663","5533","Estimate"
"493","Adams","1","1995","37","2884","2637","5521","Estimate"
"494","Adams","1","1995","38","2762","2568","5330","Estimate"
"495","Adams","1","1995","39","2671","2620","5291","Estimate"
"496","Adams","1","1995","40","2703","2547","5250","Estimate"
"497","Adams","1","1995","41","2522","2429","4951","Estimate"
"498","Adams","1","1995","42","2556","2426","4982","Estimate"
"499","Adams","1","1995","43","2428","2346","4774","Estimate"
"500","Adams","1","1995","44","2016","2003","4019","Estimate"
"501","Adams","1","1995","45","2092","2012","4104","Estimate"
"502","Adams","1","1995","46","1979","1922","3901","Estimate"
"503","Adams","1","1995","47","1977","1904","3881","Estimate"
"504","Adams","1","1995","48","1772","1771","3543","Estimate"
"505","Adams","1","1995","49","1702","1756","3458","Estimate"
"506","Adams","1","1995","50","1675","1741","3416","Estimate"
"507","Adams","1","1995","51","1588","1683","3271","Estimate"
"508","Adams","1","1995","52","1630","1710","3340","Estimate"
"509","Adams","1","1995","53","1605","1576","3181","Estimate"
"510","Adams","1","1995","54","1339","1409","2748","Estimate"
"511","Adams","1","1995","55","1300","1377","2677","Estimate"
"512","Adams","1","1995","56","1261","1307","2568","Estimate"
"513","Adams","1","1995","57","1289","1320","2609","Estimate"
"514","Adams","1","1995","58","1162","1232","2394","Estimate"
"515","Adams","1","1995","59","1157","1240","2397","Estimate"
"516","Adams","1","1995","60","1105","1161","2266","Estimate"
"517","Adams","1","1995","61","1045","1117","2162","Estimate"
"518","Adams","1","1995","62","1021","1140","2161","Estimate"
"519","Adams","1","1995","63","931","1023","1954","Estimate"
"520","Adams","1","1995","64","891","1032","1923","Estimate"
"521","Adams","1","1995","65","878","1017","1895","Estimate"
"522","Adams","1","1995","66","805","946","1751","Estimate"
"523","Adams","1","1995","67","764","914","1678","Estimate"
"524","Adams","1","1995","68","781","891","1672","Estimate"
"525","Adams","1","1995","69","726","828","1554","Estimate"
"526","Adams","1","1995","70","689","761","1450","Estimate"
"527","Adams","1","1995","71","597","743","1340","Estimate"
"528","Adams","1","1995","72","563","717","1280","Estimate"
"529","Adams","1","1995","73","526","668","1194","Estimate"
"530","Adams","1","1995","74","473","656","1129","Estimate"
"531","Adams","1","1995","75","415","619","1034","Estimate"
"532","Adams","1","1995","76","408","555","963","Estimate"
"533","Adams","1","1995","77","366","531","897","Estimate"
"534","Adams","1","1995","78","336","476","812","Estimate"
"535","Adams","1","1995","79","308","451","759","Estimate"
"536","Adams","1","1995","80","253","392","645","Estimate"
"537","Adams","1","1995","81","220","344","564","Estimate"
"538","Adams","1","1995","82","190","325","515","Estimate"
"539","Adams","1","1995","83","157","305","462","Estimate"
"540","Adams","1","1995","84","135","276","411","Estimate"
"541","Adams","1","1995","85","115","231","346","Estimate"
"542","Adams","1","1995","86","95","207","302","Estimate"
"543","Adams","1","1995","87","69","175","244","Estimate"
"544","Adams","1","1995","88","71","148","219","Estimate"
"545","Adams","1","1995","89","48","160","208","Estimate"
"546","Adams","1","1995","90","179","532","711","Estimate"
"547","Adams","1","1996","0","2915","2836","5751","Estimate"
"548","Adams","1","1996","1","2907","2774","5681","Estimate"
"549","Adams","1","1996","2","2773","2626","5399","Estimate"
"550","Adams","1","1996","3","2755","2647","5402","Estimate"
"551","Adams","1","1996","4","2821","2636","5457","Estimate"
"552","Adams","1","1996","5","2765","2606","5371","Estimate"
"553","Adams","1","1996","6","2747","2612","5359","Estimate"
"554","Adams","1","1996","7","2772","2712","5484","Estimate"
"555","Adams","1","1996","8","2733","2647","5380","Estimate"
"556","Adams","1","1996","9","2735","2661","5396","Estimate"
"557","Adams","1","1996","10","2643","2535","5178","Estimate"
"558","Adams","1","1996","11","2533","2439","4972","Estimate"
"559","Adams","1","1996","12","2482","2345","4827","Estimate"
"560","Adams","1","1996","13","2453","2301","4754","Estimate"
"561","Adams","1","1996","14","2403","2304","4707","Estimate"
"562","Adams","1","1996","15","2331","2256","4587","Estimate"
"563","Adams","1","1996","16","2306","2186","4492","Estimate"
"564","Adams","1","1996","17","2491","2282","4773","Estimate"
"565","Adams","1","1996","18","2390","2191","4581","Estimate"
"566","Adams","1","1996","19","2459","2189","4648","Estimate"
"567","Adams","1","1996","20","2442","2234","4676","Estimate"
"568","Adams","1","1996","21","2332","2155","4487","Estimate"
"569","Adams","1","1996","22","2323","2260","4583","Estimate"
"570","Adams","1","1996","23","2445","2398","4843","Estimate"
"571","Adams","1","1996","24","2629","2521","5150","Estimate"
"572","Adams","1","1996","25","2775","2664","5439","Estimate"
"573","Adams","1","1996","26","2825","2623","5448","Estimate"
"574","Adams","1","1996","27","2927","2836","5763","Estimate"
"575","Adams","1","1996","28","2998","2846","5844","Estimate"
"576","Adams","1","1996","29","3311","3078","6389","Estimate"
"577","Adams","1","1996","30","3297","3017","6314","Estimate"
"578","Adams","1","1996","31","3087","2862","5949","Estimate"
"579","Adams","1","1996","32","3010","2840","5850","Estimate"
"580","Adams","1","1996","33","2906","2786","5692","Estimate"
"581","Adams","1","1996","34","2943","2743","5686","Estimate"
"582","Adams","1","1996","35","3030","2795","5825","Estimate"
"583","Adams","1","1996","36","2964","2740","5704","Estimate"
"584","Adams","1","1996","37","2983","2716","5699","Estimate"
"585","Adams","1","1996","38","2888","2680","5568","Estimate"
"586","Adams","1","1996","39","2777","2720","5497","Estimate"
"587","Adams","1","1996","40","2843","2658","5501","Estimate"
"588","Adams","1","1996","41","2633","2518","5151","Estimate"
"589","Adams","1","1996","42","2665","2523","5188","Estimate"
"590","Adams","1","1996","43","2535","2424","4959","Estimate"
"591","Adams","1","1996","44","2143","2129","4272","Estimate"
"592","Adams","1","1996","45","2231","2119","4350","Estimate"
"593","Adams","1","1996","46","2096","2025","4121","Estimate"
"594","Adams","1","1996","47","2082","1991","4073","Estimate"
"595","Adams","1","1996","48","1885","1874","3759","Estimate"
"596","Adams","1","1996","49","1806","1842","3648","Estimate"
"597","Adams","1","1996","50","1786","1845","3631","Estimate"
"598","Adams","1","1996","51","1680","1776","3456","Estimate"
"599","Adams","1","1996","52","1740","1805","3545","Estimate"
"600","Adams","1","1996","53","1709","1660","3369","Estimate"
"601","Adams","1","1996","54","1378","1452","2830","Estimate"
"602","Adams","1","1996","55","1345","1416","2761","Estimate"
"603","Adams","1","1996","56","1306","1356","2662","Estimate"
"604","Adams","1","1996","57","1335","1363","2698","Estimate"
"605","Adams","1","1996","58","1191","1274","2465","Estimate"
"606","Adams","1","1996","59","1171","1268","2439","Estimate"
"607","Adams","1","1996","60","1122","1179","2301","Estimate"
"608","Adams","1","1996","61","1058","1136","2194","Estimate"
"609","Adams","1","1996","62","1037","1161","2198","Estimate"
"610","Adams","1","1996","63","948","1038","1986","Estimate"
"611","Adams","1","1996","64","907","1054","1961","Estimate"
"612","Adams","1","1996","65","902","1029","1931","Estimate"
"613","Adams","1","1996","66","819","960","1779","Estimate"
"614","Adams","1","1996","67","784","927","1711","Estimate"
"615","Adams","1","1996","68","799","912","1711","Estimate"
"616","Adams","1","1996","69","749","844","1593","Estimate"
"617","Adams","1","1996","70","715","792","1507","Estimate"
"618","Adams","1","1996","71","620","769","1389","Estimate"
"619","Adams","1","1996","72","584","752","1336","Estimate"
"620","Adams","1","1996","73","546","695","1241","Estimate"
"621","Adams","1","1996","74","496","684","1180","Estimate"
"622","Adams","1","1996","75","435","649","1084","Estimate"
"623","Adams","1","1996","76","430","583","1013","Estimate"
"624","Adams","1","1996","77","385","553","938","Estimate"
"625","Adams","1","1996","78","360","499","859","Estimate"
"626","Adams","1","1996","79","324","473","797","Estimate"
"627","Adams","1","1996","80","266","409","675","Estimate"
"628","Adams","1","1996","81","231","359","590","Estimate"
"629","Adams","1","1996","82","196","342","538","Estimate"
"630","Adams","1","1996","83","167","315","482","Estimate"
"631","Adams","1","1996","84","143","285","428","Estimate"
"632","Adams","1","1996","85","123","241","364","Estimate"
"633","Adams","1","1996","86","102","221","323","Estimate"
"634","Adams","1","1996","87","72","185","257","Estimate"
"635","Adams","1","1996","88","75","157","232","Estimate"
"636","Adams","1","1996","89","51","167","218","Estimate"
"637","Adams","1","1996","90","187","553","740","Estimate"
"638","Adams","1","1997","0","3012","2906","5918","Estimate"
"639","Adams","1","1997","1","3004","2838","5842","Estimate"
"640","Adams","1","1997","2","2829","2692","5521","Estimate"
"641","Adams","1","1997","3","2827","2710","5537","Estimate"
"642","Adams","1","1997","4","2883","2688","5571","Estimate"
"643","Adams","1","1997","5","2823","2670","5493","Estimate"
"644","Adams","1","1997","6","2807","2674","5481","Estimate"
"645","Adams","1","1997","7","2824","2785","5609","Estimate"
"646","Adams","1","1997","8","2814","2732","5546","Estimate"
"647","Adams","1","1997","9","2798","2726","5524","Estimate"
"648","Adams","1","1997","10","2718","2604","5322","Estimate"
"649","Adams","1","1997","11","2596","2526","5122","Estimate"
"650","Adams","1","1997","12","2551","2424","4975","Estimate"
"651","Adams","1","1997","13","2533","2372","4905","Estimate"
"652","Adams","1","1997","14","2492","2384","4876","Estimate"
"653","Adams","1","1997","15","2405","2335","4740","Estimate"
"654","Adams","1","1997","16","2389","2262","4651","Estimate"
"655","Adams","1","1997","17","2590","2357","4947","Estimate"
"656","Adams","1","1997","18","2478","2265","4743","Estimate"
"657","Adams","1","1997","19","2541","2229","4770","Estimate"
"658","Adams","1","1997","20","2537","2287","4824","Estimate"
"659","Adams","1","1997","21","2434","2204","4638","Estimate"
"660","Adams","1","1997","22","2432","2328","4760","Estimate"
"661","Adams","1","1997","23","2540","2460","5000","Estimate"
"662","Adams","1","1997","24","2726","2580","5306","Estimate"
"663","Adams","1","1997","25","2867","2701","5568","Estimate"
"664","Adams","1","1997","26","2891","2637","5528","Estimate"
"665","Adams","1","1997","27","2977","2857","5834","Estimate"
"666","Adams","1","1997","28","3063","2886","5949","Estimate"
"667","Adams","1","1997","29","3384","3120","6504","Estimate"
"668","Adams","1","1997","30","3371","3058","6429","Estimate"
"669","Adams","1","1997","31","3129","2888","6017","Estimate"
"670","Adams","1","1997","32","3044","2862","5906","Estimate"
"671","Adams","1","1997","33","2940","2821","5761","Estimate"
"672","Adams","1","1997","34","2985","2763","5748","Estimate"
"673","Adams","1","1997","35","3107","2862","5969","Estimate"
"674","Adams","1","1997","36","3051","2810","5861","Estimate"
"675","Adams","1","1997","37","3075","2787","5862","Estimate"
"676","Adams","1","1997","38","3009","2788","5797","Estimate"
"677","Adams","1","1997","39","2878","2813","5691","Estimate"
"678","Adams","1","1997","40","2979","2763","5742","Estimate"
"679","Adams","1","1997","41","2739","2601","5340","Estimate"
"680","Adams","1","1997","42","2769","2615","5384","Estimate"
"681","Adams","1","1997","43","2638","2496","5134","Estimate"
"682","Adams","1","1997","44","2269","2254","4523","Estimate"
"683","Adams","1","1997","45","2369","2224","4593","Estimate"
"684","Adams","1","1997","46","2212","2125","4337","Estimate"
"685","Adams","1","1997","47","2185","2076","4261","Estimate"
"686","Adams","1","1997","48","1998","1976","3974","Estimate"
"687","Adams","1","1997","49","1909","1925","3834","Estimate"
"688","Adams","1","1997","50","1897","1948","3845","Estimate"
"689","Adams","1","1997","51","1771","1866","3637","Estimate"
"690","Adams","1","1997","52","1850","1898","3748","Estimate"
"691","Adams","1","1997","53","1812","1742","3554","Estimate"
"692","Adams","1","1997","54","1414","1491","2905","Estimate"
"693","Adams","1","1997","55","1386","1451","2837","Estimate"
"694","Adams","1","1997","56","1349","1403","2752","Estimate"
"695","Adams","1","1997","57","1378","1403","2781","Estimate"
"696","Adams","1","1997","58","1217","1314","2531","Estimate"
"697","Adams","1","1997","59","1180","1293","2473","Estimate"
"698","Adams","1","1997","60","1134","1194","2328","Estimate"
"699","Adams","1","1997","61","1067","1152","2219","Estimate"
"700","Adams","1","1997","62","1049","1178","2227","Estimate"
"701","Adams","1","1997","63","962","1050","2012","Estimate"
"702","Adams","1","1997","64","920","1072","1992","Estimate"
"703","Adams","1","1997","65","923","1037","1960","Estimate"
"704","Adams","1","1997","66","831","970","1801","Estimate"
"705","Adams","1","1997","67","802","937","1739","Estimate"
"706","Adams","1","1997","68","816","931","1747","Estimate"
"707","Adams","1","1997","69","771","858","1629","Estimate"
"708","Adams","1","1997","70","740","820","1560","Estimate"
"709","Adams","1","1997","71","641","792","1433","Estimate"
"710","Adams","1","1997","72","603","786","1389","Estimate"
"711","Adams","1","1997","73","565","720","1285","Estimate"
"712","Adams","1","1997","74","518","710","1228","Estimate"
"713","Adams","1","1997","75","454","678","1132","Estimate"
"714","Adams","1","1997","76","452","610","1062","Estimate"
"715","Adams","1","1997","77","403","574","977","Estimate"
"716","Adams","1","1997","78","383","522","905","Estimate"
"717","Adams","1","1997","79","339","494","833","Estimate"
"718","Adams","1","1997","80","279","425","704","Estimate"
"719","Adams","1","1997","81","242","373","615","Estimate"
"720","Adams","1","1997","82","201","359","560","Estimate"
"721","Adams","1","1997","83","177","324","501","Estimate"
"722","Adams","1","1997","84","152","295","447","Estimate"
"723","Adams","1","1997","85","131","251","382","Estimate"
"724","Adams","1","1997","86","108","235","343","Estimate"
"725","Adams","1","1997","87","74","195","269","Estimate"
"726","Adams","1","1997","88","79","165","244","Estimate"
"727","Adams","1","1997","89","54","174","228","Estimate"
"728","Adams","1","1997","90","195","574","769","Estimate"
"729","Adams","1","1998","0","3123","2990","6113","Estimate"
"730","Adams","1","1998","1","3116","2915","6031","Estimate"
"731","Adams","1","1998","2","2898","2771","5669","Estimate"
"732","Adams","1","1998","3","2911","2784","5695","Estimate"
"733","Adams","1","1998","4","2957","2751","5708","Estimate"
"734","Adams","1","1998","5","2892","2746","5638","Estimate"
"735","Adams","1","1998","6","2879","2748","5627","Estimate"
"736","Adams","1","1998","7","2887","2870","5757","Estimate"
"737","Adams","1","1998","8","2909","2830","5739","Estimate"
"738","Adams","1","1998","9","2874","2802","5676","Estimate"
"739","Adams","1","1998","10","2805","2685","5490","Estimate"
"740","Adams","1","1998","11","2669","2625","5294","Estimate"
"741","Adams","1","1998","12","2632","2515","5147","Estimate"
"742","Adams","1","1998","13","2625","2454","5079","Estimate"
"743","Adams","1","1998","14","2593","2476","5069","Estimate"
"744","Adams","1","1998","15","2489","2426","4915","Estimate"
"745","Adams","1","1998","16","2484","2349","4833","Estimate"
"746","Adams","1","1998","17","2702","2443","5145","Estimate"
"747","Adams","1","1998","18","2578","2350","4928","Estimate"
"748","Adams","1","1998","19","2635","2279","4914","Estimate"
"749","Adams","1","1998","20","2645","2349","4994","Estimate"
"750","Adams","1","1998","21","2550","2263","4813","Estimate"
"751","Adams","1","1998","22","2555","2406","4961","Estimate"
"752","Adams","1","1998","23","2649","2533","5182","Estimate"
"753","Adams","1","1998","24","2837","2650","5487","Estimate"
"754","Adams","1","1998","25","2972","2748","5720","Estimate"
"755","Adams","1","1998","26","2969","2659","5628","Estimate"
"756","Adams","1","1998","27","3039","2889","5928","Estimate"
"757","Adams","1","1998","28","3142","2937","6079","Estimate"
"758","Adams","1","1998","29","3471","3173","6644","Estimate"
"759","Adams","1","1998","30","3458","3111","6569","Estimate"
"760","Adams","1","1998","31","3183","2923","6106","Estimate"
"761","Adams","1","1998","32","3089","2893","5982","Estimate"
"762","Adams","1","1998","33","2984","2867","5851","Estimate"
"763","Adams","1","1998","34","3038","2792","5830","Estimate"
"764","Adams","1","1998","35","3198","2941","6139","Estimate"
"765","Adams","1","1998","36","3152","2893","6045","Estimate"
"766","Adams","1","1998","37","3181","2872","6053","Estimate"
"767","Adams","1","1998","38","3146","2911","6057","Estimate"
"768","Adams","1","1998","39","2993","2921","5914","Estimate"
"769","Adams","1","1998","40","3132","2884","6016","Estimate"
"770","Adams","1","1998","41","2860","2696","5556","Estimate"
"771","Adams","1","1998","42","2888","2721","5609","Estimate"
"772","Adams","1","1998","43","2755","2581","5336","Estimate"
"773","Adams","1","1998","44","2409","2393","4802","Estimate"
"774","Adams","1","1998","45","2523","2341","4864","Estimate"
"775","Adams","1","1998","46","2341","2238","4579","Estimate"
"776","Adams","1","1998","47","2301","2172","4473","Estimate"
"777","Adams","1","1998","48","2123","2090","4213","Estimate"
"778","Adams","1","1998","49","2024","2019","4043","Estimate"
"779","Adams","1","1998","50","2020","2063","4083","Estimate"
"780","Adams","1","1998","51","1872","1968","3840","Estimate"
"781","Adams","1","1998","52","1972","2003","3975","Estimate"
"782","Adams","1","1998","53","1928","1834","3762","Estimate"
"783","Adams","1","1998","54","1456","1537","2993","Estimate"
"784","Adams","1","1998","55","1433","1493","2926","Estimate"
"785","Adams","1","1998","56","1399","1457","2856","Estimate"
"786","Adams","1","1998","57","1428","1449","2877","Estimate"
"787","Adams","1","1998","58","1247","1359","2606","Estimate"
"788","Adams","1","1998","59","1192","1323","2515","Estimate"
"789","Adams","1","1998","60","1151","1213","2364","Estimate"
"790","Adams","1","1998","61","1080","1171","2251","Estimate"
"791","Adams","1","1998","62","1065","1199","2264","Estimate"
"792","Adams","1","1998","63","980","1065","2045","Estimate"
"793","Adams","1","1998","64","937","1094","2031","Estimate"
"794","Adams","1","1998","65","948","1049","1997","Estimate"
"795","Adams","1","1998","66","846","984","1830","Estimate"
"796","Adams","1","1998","67","823","949","1772","Estimate"
"797","Adams","1","1998","68","835","953","1788","Estimate"
"798","Adams","1","1998","69","796","876","1672","Estimate"
"799","Adams","1","1998","70","769","853","1622","Estimate"
"800","Adams","1","1998","71","666","820","1486","Estimate"
"801","Adams","1","1998","72","626","825","1451","Estimate"
"802","Adams","1","1998","73","587","749","1336","Estimate"
"803","Adams","1","1998","74","542","740","1282","Estimate"
"804","Adams","1","1998","75","476","711","1187","Estimate"
"805","Adams","1","1998","76","476","641","1117","Estimate"
"806","Adams","1","1998","77","423","599","1022","Estimate"
"807","Adams","1","1998","78","409","548","957","Estimate"
"808","Adams","1","1998","79","356","518","874","Estimate"
"809","Adams","1","1998","80","293","444","737","Estimate"
"810","Adams","1","1998","81","254","390","644","Estimate"
"811","Adams","1","1998","82","208","378","586","Estimate"
"812","Adams","1","1998","83","187","335","522","Estimate"
"813","Adams","1","1998","84","161","305","466","Estimate"
"814","Adams","1","1998","85","140","263","403","Estimate"
"815","Adams","1","1998","86","115","250","365","Estimate"
"816","Adams","1","1998","87","77","206","283","Estimate"
"817","Adams","1","1998","88","83","174","257","Estimate"
"818","Adams","1","1998","89","57","183","240","Estimate"
"819","Adams","1","1998","90","204","597","801","Estimate"
"820","Adams","1","1999","0","3235","3073","6308","Estimate"
"821","Adams","1","1999","1","3228","2990","6218","Estimate"
"822","Adams","1","1999","2","2964","2849","5813","Estimate"
"823","Adams","1","1999","3","2995","2857","5852","Estimate"
"824","Adams","1","1999","4","3030","2812","5842","Estimate"
"825","Adams","1","1999","5","2960","2820","5780","Estimate"
"826","Adams","1","1999","6","2950","2821","5771","Estimate"
"827","Adams","1","1999","7","2949","2954","5903","Estimate"
"828","Adams","1","1999","8","3004","2928","5932","Estimate"
"829","Adams","1","1999","9","2948","2877","5825","Estimate"
"830","Adams","1","1999","10","2892","2766","5658","Estimate"
"831","Adams","1","1999","11","2742","2726","5468","Estimate"
"832","Adams","1","1999","12","2712","2607","5319","Estimate"
"833","Adams","1","1999","13","2718","2536","5254","Estimate"
"834","Adams","1","1999","14","2695","2569","5264","Estimate"
"835","Adams","1","1999","15","2574","2517","5091","Estimate"
"836","Adams","1","1999","16","2580","2437","5017","Estimate"
"837","Adams","1","1999","17","2816","2530","5346","Estimate"
"838","Adams","1","1999","18","2680","2436","5116","Estimate"
"839","Adams","1","1999","19","2729","2327","5056","Estimate"
"840","Adams","1","1999","20","2754","2410","5164","Estimate"
"841","Adams","1","1999","21","2667","2321","4988","Estimate"
"842","Adams","1","1999","22","2681","2485","5166","Estimate"
"843","Adams","1","1999","23","2760","2606","5366","Estimate"
"844","Adams","1","1999","24","2950","2719","5669","Estimate"
"845","Adams","1","1999","25","3078","2792","5870","Estimate"
"846","Adams","1","1999","26","3046","2677","5723","Estimate"
"847","Adams","1","1999","27","3098","2916","6014","Estimate"
"848","Adams","1","1999","28","3219","2985","6204","Estimate"
"849","Adams","1","1999","29","3557","3222","6779","Estimate"
"850","Adams","1","1999","30","3545","3160","6705","Estimate"
"851","Adams","1","1999","31","3233","2955","6188","Estimate"
"852","Adams","1","1999","32","3130","2920","6050","Estimate"
"853","Adams","1","1999","33","3025","2909","5934","Estimate"
"854","Adams","1","1999","34","3087","2817","5904","Estimate"
"855","Adams","1","1999","35","3288","3019","6307","Estimate"
"856","Adams","1","1999","36","3253","2974","6227","Estimate"
"857","Adams","1","1999","37","3288","2955","6243","Estimate"
"858","Adams","1","1999","38","3286","3036","6322","Estimate"
"859","Adams","1","1999","39","3110","3030","6140","Estimate"
"860","Adams","1","1999","40","3289","3006","6295","Estimate"
"861","Adams","1","1999","41","2984","2793","5777","Estimate"
"862","Adams","1","1999","42","3009","2828","5837","Estimate"
"863","Adams","1","1999","43","2873","2665","5538","Estimate"
"864","Adams","1","1999","44","2554","2536","5090","Estimate"
"865","Adams","1","1999","45","2682","2461","5143","Estimate"
"866","Adams","1","1999","46","2474","2354","4828","Estimate"
"867","Adams","1","1999","47","2419","2269","4688","Estimate"
"868","Adams","1","1999","48","2251","2207","4458","Estimate"
"869","Adams","1","1999","49","2142","2115","4257","Estimate"
"870","Adams","1","1999","50","2147","2182","4329","Estimate"
"871","Adams","1","1999","51","1976","2072","4048","Estimate"
"872","Adams","1","1999","52","2098","2110","4208","Estimate"
"873","Adams","1","1999","53","2046","1929","3975","Estimate"
"874","Adams","1","1999","54","1498","1583","3081","Estimate"
"875","Adams","1","1999","55","1481","1534","3015","Estimate"
"876","Adams","1","1999","56","1449","1511","2960","Estimate"
"877","Adams","1","1999","57","1478","1495","2973","Estimate"
"878","Adams","1","1999","58","1277","1405","2682","Estimate"
"879","Adams","1","1999","59","1204","1352","2556","Estimate"
"880","Adams","1","1999","60","1166","1231","2397","Estimate"
"881","Adams","1","1999","61","1092","1189","2281","Estimate"
"882","Adams","1","1999","62","1080","1219","2299","Estimate"
"883","Adams","1","1999","63","997","1079","2076","Estimate"
"884","Adams","1","1999","64","952","1116","2068","Estimate"
"885","Adams","1","1999","65","973","1060","2033","Estimate"
"886","Adams","1","1999","66","861","996","1857","Estimate"
"887","Adams","1","1999","67","844","961","1805","Estimate"
"888","Adams","1","1999","68","855","975","1830","Estimate"
"889","Adams","1","1999","69","821","892","1713","Estimate"
"890","Adams","1","1999","70","798","887","1685","Estimate"
"891","Adams","1","1999","71","691","847","1538","Estimate"
"892","Adams","1","1999","72","649","864","1513","Estimate"
"893","Adams","1","1999","73","609","778","1387","Estimate"
"894","Adams","1","1999","74","568","770","1338","Estimate"
"895","Adams","1","1999","75","498","744","1242","Estimate"
"896","Adams","1","1999","76","501","672","1173","Estimate"
"897","Adams","1","1999","77","444","623","1067","Estimate"
"898","Adams","1","1999","78","436","575","1011","Estimate"
"899","Adams","1","1999","79","374","542","916","Estimate"
"900","Adams","1","1999","80","308","463","771","Estimate"
"901","Adams","1","1999","81","266","406","672","Estimate"
"902","Adams","1","1999","82","214","397","611","Estimate"
"903","Adams","1","1999","83","198","345","543","Estimate"
"904","Adams","1","1999","84","171","316","487","Estimate"
"905","Adams","1","1999","85","149","274","423","Estimate"
"906","Adams","1","1999","86","122","266","388","Estimate"
"907","Adams","1","1999","87","80","217","297","Estimate"
"908","Adams","1","1999","88","88","183","271","Estimate"
"909","Adams","1","1999","89","60","191","251","Estimate"
"910","Adams","1","1999","90","212","620","832","Estimate"
"911","Adams","1","2000","0","3244","3055","6299","Estimate"
"912","Adams","1","2000","1","3155","2975","6130","Estimate"
"913","Adams","1","2000","2","3150","2880","6030","Estimate"
"914","Adams","1","2000","3","2863","2754","5617","Estimate"
"915","Adams","1","2000","4","2926","2750","5676","Estimate"
"916","Adams","1","2000","5","2910","2702","5612","Estimate"
"917","Adams","1","2000","6","2852","2728","5580","Estimate"
"918","Adams","1","2000","7","2866","2740","5606","Estimate"
"919","Adams","1","2000","8","2866","2873","5739","Estimate"
"920","Adams","1","2000","9","2908","2868","5776","Estimate"
"921","Adams","1","2000","10","2832","2763","5595","Estimate"
"922","Adams","1","2000","11","2794","2677","5471","Estimate"
"923","Adams","1","2000","12","2651","2667","5318","Estimate"
"924","Adams","1","2000","13","2626","2554","5180","Estimate"
"925","Adams","1","2000","14","2655","2487","5142","Estimate"
"926","Adams","1","2000","15","2624","2516","5140","Estimate"
"927","Adams","1","2000","16","2533","2495","5028","Estimate"
"928","Adams","1","2000","17","2578","2416","4994","Estimate"
"929","Adams","1","2000","18","2852","2535","5387","Estimate"
"930","Adams","1","2000","19","2704","2447","5151","Estimate"
"931","Adams","1","2000","20","2761","2323","5084","Estimate"
"932","Adams","1","2000","21","2793","2414","5207","Estimate"
"933","Adams","1","2000","22","2721","2330","5051","Estimate"
"934","Adams","1","2000","23","2731","2528","5259","Estimate"
"935","Adams","1","2000","24","2810","2610","5420","Estimate"
"936","Adams","1","2000","25","2985","2705","5690","Estimate"
"937","Adams","1","2000","26","3066","2735","5801","Estimate"
"938","Adams","1","2000","27","3007","2598","5605","Estimate"
"939","Adams","1","2000","28","3035","2831","5866","Estimate"
"940","Adams","1","2000","29","3155","2871","6026","Estimate"
"941","Adams","1","2000","30","3431","3075","6506","Estimate"
"942","Adams","1","2000","31","3449","3005","6454","Estimate"
"943","Adams","1","2000","32","3094","2794","5888","Estimate"
"944","Adams","1","2000","33","2976","2728","5704","Estimate"
"945","Adams","1","2000","34","2888","2749","5637","Estimate"
"946","Adams","1","2000","35","2920","2640","5560","Estimate"
"947","Adams","1","2000","36","3136","2882","6018","Estimate"
"948","Adams","1","2000","37","3124","2842","5966","Estimate"
"949","Adams","1","2000","38","3173","2856","6029","Estimate"
"950","Adams","1","2000","39","3203","2977","6180","Estimate"
"951","Adams","1","2000","40","3022","2924","5946","Estimate"
"952","Adams","1","2000","41","3222","2928","6150","Estimate"
"953","Adams","1","2000","42","2914","2705","5619","Estimate"
"954","Adams","1","2000","43","2921","2762","5683","Estimate"
"955","Adams","1","2000","44","2791","2578","5369","Estimate"
"956","Adams","1","2000","45","2519","2514","5033","Estimate"
"957","Adams","1","2000","46","2658","2425","5083","Estimate"
"958","Adams","1","2000","47","2455","2303","4758","Estimate"
"959","Adams","1","2000","48","2363","2209","4572","Estimate"
"960","Adams","1","2000","49","2237","2181","4418","Estimate"
"961","Adams","1","2000","50","2117","2076","4193","Estimate"
"962","Adams","1","2000","51","2122","2176","4298","Estimate"
"963","Adams","1","2000","52","1957","2046","4003","Estimate"
"964","Adams","1","2000","53","2092","2092","4184","Estimate"
"965","Adams","1","2000","54","2050","1905","3955","Estimate"
"966","Adams","1","2000","55","1460","1549","3009","Estimate"
"967","Adams","1","2000","56","1447","1485","2932","Estimate"
"968","Adams","1","2000","57","1401","1495","2896","Estimate"
"969","Adams","1","2000","58","1446","1466","2912","Estimate"
"970","Adams","1","2000","59","1230","1378","2608","Estimate"
"971","Adams","1","2000","60","1152","1322","2474","Estimate"
"972","Adams","1","2000","61","1125","1191","2316","Estimate"
"973","Adams","1","2000","62","1048","1157","2205","Estimate"
"974","Adams","1","2000","63","1023","1188","2211","Estimate"
"975","Adams","1","2000","64","924","1087","2011","Estimate"
"976","Adams","1","2000","65","949","1028","1977","Estimate"
"977","Adams","1","2000","66","839","960","1799","Estimate"
"978","Adams","1","2000","67","828","930","1758","Estimate"
"979","Adams","1","2000","68","844","952","1796","Estimate"
"980","Adams","1","2000","69","808","869","1677","Estimate"
"981","Adams","1","2000","70","793","884","1677","Estimate"
"982","Adams","1","2000","71","688","846","1534","Estimate"
"983","Adams","1","2000","72","642","863","1505","Estimate"
"984","Adams","1","2000","73","602","774","1376","Estimate"
"985","Adams","1","2000","74","571","766","1337","Estimate"
"986","Adams","1","2000","75","503","750","1253","Estimate"
"987","Adams","1","2000","76","506","673","1179","Estimate"
"988","Adams","1","2000","77","447","621","1068","Estimate"
"989","Adams","1","2000","78","448","583","1031","Estimate"
"990","Adams","1","2000","79","376","546","922","Estimate"
"991","Adams","1","2000","80","307","463","770","Estimate"
"992","Adams","1","2000","81","268","402","670","Estimate"
"993","Adams","1","2000","82","214","405","619","Estimate"
"994","Adams","1","2000","83","201","340","541","Estimate"
"995","Adams","1","2000","84","174","314","488","Estimate"
"996","Adams","1","2000","85","155","275","430","Estimate"
"997","Adams","1","2000","86","124","273","397","Estimate"
"998","Adams","1","2000","87","81","219","300","Estimate"
"999","Adams","1","2000","88","90","188","278","Estimate"
"1000","Adams","1","2000","89","60","194","254","Estimate"
