"agerange","zipcode","city","gender","donors","nondonors","idcarddonors","idcardnondonors","licdonors","licnondonors","bothdonors","bothnondonors"
"<16","19701","BEAR","F","1","1","1","1","0","2","0","0"
"16-17","19701","BEAR","F","201","142","16","327","185","158","28","26"
"18-20","19701","BEAR","F","447","332","36","743","411","368","56","70"
"21-25","19701","BEAR","F","833","619","63","1389","770","682","85","86"
"26-30","19701","BEAR","F","894","715","53","1556","841","768","59","79"
"31-35","19701","BEAR","F","870","731","55","1546","815","786","61","66"
"36-40","19701","BEAR","F","813","752","36","1529","777","788","32","33"
"41-45","19701","BEAR","F","759","708","27","1440","732","735","25","37"
"45-50","19701","BEAR","F","859","775","19","1615","840","794","16","32"
"51-55","19701","BEAR","F","961","796","18","1739","943","814","14","11"
"56-60","19701","BEAR","F","970","718","14","1674","956","732","8","17"
"61-65","19701","BEAR","F","849","732","21","1560","828","753","9","11"
"66-70","19701","BEAR","F","531","585","11","1105","520","596","5","12"
"71+","19701","BEAR","F","699","989","31","1657","668","1020","9","23"
"16-17","19701","BEAR","M","178","153","13","318","165","166","27","25"
"18-20","19701","BEAR","M","416","408","31","793","385","439","49","80"
"21-25","19701","BEAR","M","750","757","59","1448","691","816","94","113"
"26-30","19701","BEAR","M","853","753","65","1541","788","818","62","99"
"31-35","19701","BEAR","M","804","775","52","1527","752","827","63","86"
"36-40","19701","BEAR","M","703","802","55","1450","648","857","58","69"
"41-45","19701","BEAR","M","639","795","47","1387","592","842","38","59"
"45-50","19701","BEAR","M","718","804","37","1485","681","841","32","27"
"51-55","19701","BEAR","M","778","812","25","1565","753","837","14","40"
"56-60","19701","BEAR","M","762","811","21","1552","741","832","16","21"
"61-65","19701","BEAR","M","657","732","15","1374","642","747","15","22"
"66-70","19701","BEAR","M","481","520","6","995","475","526","5","17"
"71+","19701","BEAR","M","591","866","22","1435","569","888","7","13"
"56-60","19701","BEAR DELAWARE","M","0","1","0","1","0","1","0","0"
"36-40","19702","BEAR","F","0","1","0","1","0","1","0","0"
"21-25","19702","CHRISTIANA","F","1","0","0","1","1","0","0","0"
"26-30","19702","CHRISTIANA","F","2","1","0","3","2","1","0","1"
"31-35","19702","CHRISTIANA","F","0","2","0","2","0","2","0","0"
"36-40","19702","CHRISTIANA","F","1","1","0","2","1","1","0","0"
"41-45","19702","CHRISTIANA","F","1","0","1","0","0","1","1","0"
"45-50","19702","CHRISTIANA","F","1","0","0","1","1","0","0","0"
"51-55","19702","CHRISTIANA","F","2","1","0","3","2","1","0","0"
"56-60","19702","CHRISTIANA","F","2","1","0","3","2","1","0","0"
"61-65","19702","CHRISTIANA","F","0","1","0","1","0","1","0","0"
"66-70","19702","CHRISTIANA","F","0","1","0","1","0","1","0","0"
"71+","19702","CHRISTIANA","F","1","2","0","3","1","2","0","0"
"18-20","19702","CHRISTIANA","M","0","1","0","1","0","1","0","0"
"21-25","19702","CHRISTIANA","M","1","0","0","1","1","0","1","0"
"26-30","19702","CHRISTIANA","M","1","0","0","1","1","0","0","0"
"31-35","19702","CHRISTIANA","M","3","3","0","6","3","3","0","0"
"45-50","19702","CHRISTIANA","M","1","1","0","2","1","1","0","0"
"51-55","19702","CHRISTIANA","M","2","0","0","2","2","0","0","0"
"61-65","19702","CHRISTIANA","M","2","2","0","4","2","2","0","0"
"66-70","19702","CHRISTIANA","M","1","2","0","3","1","2","0","0"
"56-60","19702","MIDDLETOWN","F","0","1","0","1","0","1","0","0"
"71+","19702","NEW CASTLE","M","1","0","0","1","1","0","0","0"
"16-17","19702","NEWARK","F","205","183","12","376","193","195","21","26"
"18-20","19702","NEWARK","F","507","438","41","904","466","479","76","92"
"21-25","19702","NEWARK","F","1019","915","85","1849","934","1000","111","173"
"26-30","19702","NEWARK","F","1216","1195","95","2316","1121","1290","95","183"
"31-35","19702","NEWARK","F","1167","1278","86","2359","1081","1364","89","171"
"36-40","19702","NEWARK","F","1083","1081","65","2099","1018","1146","61","97"
"41-45","19702","NEWARK","F","996","904","42","1858","954","946","40","76"
"45-50","19702","NEWARK","F","972","885","42","1815","930","927","32","49"
"51-55","19702","NEWARK","F","1018","986","32","1972","986","1018","33","39"
"56-60","19702","NEWARK","F","950","915","29","1836","921","944","17","24"
"61-65","19702","NEWARK","F","782","789","15","1556","767","804","11","14"
"66-70","19702","NEWARK","F","601","626","17","1210","584","643","8","10"
"71+","19702","NEWARK","F","682","979","30","1631","652","1009","8","13"
"16-17","19702","NEWARK","M","189","197","11","375","178","208","26","36"
"18-20","19702","NEWARK","M","475","513","49","939","426","562","81","111"
"21-25","19702","NEWARK","M","978","990","91","1877","887","1081","138","185"
"26-30","19702","NEWARK","M","1225","1390","83","2532","1142","1473","126","197"
"31-35","19702","NEWARK","M","1133","1354","94","2393","1039","1448","93","175"
"36-40","19702","NEWARK","M","1006","1293","89","2210","917","1382","81","141"
"41-45","19702","NEWARK","M","794","917","58","1653","736","975","56","82"
"45-50","19702","NEWARK","M","778","961","41","1698","737","1002","35","65"
"51-55","19702","NEWARK","M","805","940","25","1720","780","965","21","42"
"56-60","19702","NEWARK","M","802","900","37","1665","765","937","35","33"
"61-65","19702","NEWARK","M","697","776","18","1455","679","794","25","36"
"66-70","19702","NEWARK","M","477","580","11","1046","466","591","6","14"
"71+","19702","NEWARK","M","589","912","33","1468","556","945","11","16"
"45-50","19702","NEWARK DE","F","0","1","0","1","0","1","0","0"
"41-45","19702","NEWARK DE","M","0","1","0","1","0","1","0","0"
"56-60","19702","NEWARK DE","M","0","1","0","1","0","1","0","0"
"56-60","19702","NEWARK DELAWARE","F","0","1","0","1","0","1","0","0"
"71+","19702","NEWARK DELAWARE","F","1","0","0","1","1","0","0","0"
"36-40","19702","NEWCASTLE DE","M","0","1","0","1","0","1","0","0"
"26-30","19702","WILMINGTON","M","0","1","0","1","0","1","0","0"
"61-65","19703","CLAYMNONT","F","1","0","0","1","1","0","0","0"
"71+","19703","CLAYMON","F","1","0","0","1","1","0","0","0"
"16-17","19703","CLAYMONT","F","46","53","1","98","45","54","4","7"
"18-20","19703","CLAYMONT","F","118","107","6","219","112","113","14","19"
"21-25","19703","CLAYMONT","F","224","225","15","434","209","240","21","49"
"26-30","19703","CLAYMONT","F","353","354","20","687","333","374","25","56"
"31-35","19703","CLAYMONT","F","358","360","18","700","340","378","30","41"
"36-40","19703","CLAYMONT","F","271","312","14","569","257","326","18","22"
"41-45","19703","CLAYMONT","F","209","210","13","406","196","223","14","17"
"45-50","19703","CLAYMONT","F","255","229","18","466","237","247","9","11"
"51-55","19703","CLAYMONT","F","257","218","9","466","248","227","3","8"
"56-60","19703","CLAYMONT","F","289","229","11","507","278","240","3","6"
"61-65","19703","CLAYMONT","F","270","239","12","497","258","251","6","3"
"66-70","19703","CLAYMONT","F","160","186","3","343","157","189","1","1"
"71+","19703","CLAYMONT","F","289","462","25","726","264","487","3","7"
"16-17","19703","CLAYMONT","M","33","41","1","73","32","42","5","10"
"18-20","19703","CLAYMONT","M","93","123","11","205","82","134","14","25"
"21-25","19703","CLAYMONT","M","210","226","32","404","178","258","29","41"
"26-30","19703","CLAYMONT","M","326","341","44","623","282","385","27","40"
"31-35","19703","CLAYMONT","M","353","387","29","711","324","416","28","38"
"36-40","19703","CLAYMONT","M","286","363","24","625","262","387","22","29"
"41-45","19703","CLAYMONT","M","182","270","18","434","164","288","13","19"
"45-50","19703","CLAYMONT","M","191","263","18","436","173","281","13","21"
"51-55","19703","CLAYMONT","M","225","244","12","457","213","256","6","14"
"56-60","19703","CLAYMONT","M","234","239","15","458","219","254","10","9"
"61-65","19703","CLAYMONT","M","233","240","8","465","225","248","7","9"
"66-70","19703","CLAYMONT","M","148","153","8","293","140","161","3","3"
"71+","19703","CLAYMONT","M","210","302","11","501","199","313","6","2"
"56-60","19703","CLAYMONT DE","M","0","1","0","1","0","1","0","0"
"61-65","19703","WILMINGTON","F","1","0","0","1","1","0","0","0"
"16-17","19706","DELAWARE CITY","F","10","5","1","14","9","6","2","1"
"18-20","19706","DELAWARE CITY","F","14","10","0","24","14","10","2","0"
"21-25","19706","DELAWARE CITY","F","40","12","4","48","36","16","7","1"
"26-30","19706","DELAWARE CITY","F","59","23","11","71","48","34","8","0"
"31-35","19706","DELAWARE CITY","F","47","19","3","63","44","22","6","3"
"36-40","19706","DELAWARE CITY","F","43","20","2","61","41","22","6","4"
"41-45","19706","DELAWARE CITY","F","37","25","1","61","36","26","0","1"
"45-50","19706","DELAWARE CITY","F","32","21","1","52","31","22","1","0"
"51-55","19706","DELAWARE CITY","F","36","24","3","57","33","27","1","0"
"56-60","19706","DELAWARE CITY","F","48","24","4","68","44","28","0","1"
"61-65","19706","DELAWARE CITY","F","43","29","3","69","40","32","1","1"
"66-70","19706","DELAWARE CITY","F","41","37","3","75","38","40","2","1"
"71+","19706","DELAWARE CITY","F","37","58","1","94","36","59","0","3"
"16-17","19706","DELAWARE CITY","M","8","4","2","10","6","6","2","0"
"18-20","19706","DELAWARE CITY","M","18","18","1","35","17","19","4","3"
"21-25","19706","DELAWARE CITY","M","29","22","6","45","23","28","6","5"
"26-30","19706","DELAWARE CITY","M","38","28","3","63","35","31","4","5"
"31-35","19706","DELAWARE CITY","M","45","35","1","79","44","36","3","7"
"36-40","19706","DELAWARE CITY","M","32","35","5","62","27","40","3","5"
"41-45","19706","DELAWARE CITY","M","34","25","3","56","31","28","7","2"
"45-50","19706","DELAWARE CITY","M","25","23","5","43","20","28","3","5"
"51-55","19706","DELAWARE CITY","M","37","25","7","55","30","32","5","1"
"56-60","19706","DELAWARE CITY","M","35","43","3","75","32","46","2","5"
"61-65","19706","DELAWARE CITY","M","29","27","1","55","28","28","0","1"
"66-70","19706","DELAWARE CITY","M","33","32","2","63","31","34","1","2"
"71+","19706","DELAWARE CITY","M","42","47","2","87","40","49","0","1"
"51-55","19706","DELWARE CITY","M","0","1","0","1","0","1","0","0"
"61-65","19707","HOCKESSIN","M","0","1","0","1","0","1","0","0"
"16-17","19707","HOCKESSIN","F","139","50","3","186","136","53","3","2"
"18-20","19707","HOCKESSIN","F","252","94","7","339","245","101","11","5"
"21-25","19707","HOCKESSIN","F","403","144","9","538","394","153","13","4"
"26-30","19707","HOCKESSIN","F","292","106","4","394","288","110","8","1"
"31-35","19707","HOCKESSIN","F","297","129","7","419","290","136","5","8"
"36-40","19707","HOCKESSIN","F","291","179","7","463","284","186","6","7"
"41-45","19707","HOCKESSIN","F","322","204","3","523","319","207","4","4"
"45-50","19707","HOCKESSIN","F","433","202","4","631","429","206","5","3"
"51-55","19707","HOCKESSIN","F","453","208","2","659","451","210","2","5"
"56-60","19707","HOCKESSIN","F","478","262","5","735","473","267","2","3"
"61-65","19707","HOCKESSIN","F","429","238","3","664","426","241","4","0"
"66-70","19707","HOCKESSIN","F","359","207","3","563","356","210","2","4"
"71+","19707","HOCKESSIN","F","676","623","46","1253","630","669","4","8"
"16-17","19707","HOCKESSIN","M","99","49","4","144","95","53","5","3"
"18-20","19707","HOCKESSIN","M","243","129","6","366","237","135","8","9"
"21-25","19707","HOCKESSIN","M","364","203","13","554","351","216","20","14"
"26-30","19707","HOCKESSIN","M","311","152","10","453","301","162","15","8"
"31-35","19707","HOCKESSIN","M","260","146","9","397","251","155","14","8"
"36-40","19707","HOCKESSIN","M","259","196","6","449","253","202","6","5"
"41-45","19707","HOCKESSIN","M","277","207","8","476","269","215","6","9"
"45-50","19707","HOCKESSIN","M","360","256","3","613","357","259","5","9"
"51-55","19707","HOCKESSIN","M","404","251","4","651","400","255","7","5"
"56-60","19707","HOCKESSIN","M","384","275","7","652","377","282","7","5"
"61-65","19707","HOCKESSIN","M","390","253","3","640","387","256","0","2"
"66-70","19707","HOCKESSIN","M","320","267","7","580","313","274","4","5"
"71+","19707","HOCKESSIN","M","587","549","30","1106","557","579","6","7"
"71+","19707","HOCKESSIN  DE","F","0","1","0","1","0","1","0","0"
"71+","19707","HOCKESSINN","M","0","1","0","1","0","1","0","0"
"31-35","19707","WILMINGTON","M","1","0","0","1","1","0","0","0"
"31-35","19708","KIRKWOOD","F","1","0","0","1","1","0","0","0"
"51-55","19708","KIRKWOOD","F","0","1","0","1","0","1","0","0"
"56-60","19708","KIRKWOOD","F","1","1","0","2","1","1","0","0"
"61-65","19708","KIRKWOOD","F","0","2","0","2","0","2","0","0"
"66-70","19708","KIRKWOOD","F","1","2","0","3","1","2","0","0"
"71+","19708","KIRKWOOD","F","0","3","0","3","0","3","0","0"
"26-30","19708","KIRKWOOD","M","2","0","0","2","2","0","0","0"
"51-55","19708","KIRKWOOD","M","2","0","0","2","2","0","0","0"
"56-60","19708","KIRKWOOD","M","1","0","0","1","1","0","0","0"
"66-70","19708","KIRKWOOD","M","1","1","0","2","1","1","0","0"
"71+","19708","KIRKWOOD","M","1","5","0","6","1","5","0","0"
"56-60","19708","KIRKWOOD DE","F","0","1","0","1","0","1","0","0"
"61-65","19709","MIDDLETOWN","F","1","0","0","1","1","0","0","0"
"56-60","19709","MIDDLELTOWN","M","1","0","0","1","1","0","0","0"
"<16","19709","MIDDLETOWN","F","0","1","0","1","0","1","0","0"
"16-17","19709","MIDDLETOWN","F","333","198","11","520","322","209","20","18"
"18-20","19709","MIDDLETOWN","F","645","389","42","992","603","431","55","39"
"21-25","19709","MIDDLETOWN","F","1031","540","37","1534","994","577","66","68"
"26-30","19709","MIDDLETOWN","F","906","525","51","1380","855","576","65","44"
"31-35","19709","MIDDLETOWN","F","938","554","37","1455","901","591","32","40"
"36-40","19709","MIDDLETOWN","F","1063","708","16","1755","1047","724","27","45"
"41-45","19709","MIDDLETOWN","F","1070","724","20","1774","1050","744","20","21"
"45-50","19709","MIDDLETOWN","F","1216","738","23","1931","1193","761","17","19"
"51-55","19709","MIDDLETOWN","F","1119","709","21","1807","1098","730","13","14"
"56-60","19709","MIDDLETOWN","F","1001","630","10","1621","991","640","9","10"
"61-65","19709","MIDDLETOWN","F","729","538","15","1252","714","553","6","6"
"66-70","19709","MIDDLETOWN","F","593","548","6","1135","587","554","5","4"
"71+","19709","MIDDLETOWN","F","867","1045","31","1881","836","1076","8","9"
"16-17","19709","MIDDLETOWN","M","286","232","15","503","271","247","23","23"
"18-20","19709","MIDDLETOWN","M","625","449","36","1038","589","485","63","57"
"21-25","19709","MIDDLETOWN","M","971","639","59","1551","912","698","89","73"
"26-30","19709","MIDDLETOWN","M","767","540","52","1255","715","592","71","62"
"31-35","19709","MIDDLETOWN","M","800","559","34","1325","766","593","44","49"
"36-40","19709","MIDDLETOWN","M","876","691","35","1532","841","726","29","33"
"41-45","19709","MIDDLETOWN","M","828","747","26","1549","802","773","38","37"
"45-50","19709","MIDDLETOWN","M","1001","785","29","1757","972","814","20","34"
"51-55","19709","MIDDLETOWN","M","946","766","24","1688","922","790","20","21"
"56-60","19709","MIDDLETOWN","M","920","756","26","1650","894","782","17","15"
"61-65","19709","MIDDLETOWN","M","614","590","14","1190","600","604","16","16"
"66-70","19709","MIDDLETOWN","M","492","467","4","955","488","471","4","2"
"71+","19709","MIDDLETOWN","M","820","966","26","1760","794","992","6","5"
"45-50","19709","MIDDLETOWN DE","M","0","1","0","1","0","1","0","0"
"51-55","19709","MIDDLETOWN DELA","M","1","0","0","1","1","0","0","0"
"71+","19709","MIDDLETWON","F","0","1","0","1","0","1","0","0"
"56-60","19709","MIDLLETOWN","M","0","1","0","1","0","1","0","0"
"45-50","19709","MINGLEWOOD DR","M","0","1","0","1","0","1","0","0"
"16-17","19710","MONTCHANIN","F","3","0","0","3","3","0","0","0"
"18-20","19710","MONTCHANIN","F","2","0","0","2","2","0","0","0"
"21-25","19710","MONTCHANIN","F","6","2","0","8","6","2","0","0"
"26-30","19710","MONTCHANIN","F","2","0","0","2","2","0","0","0"
"36-40","19710","MONTCHANIN","F","1","0","0","1","1","0","0","0"
"41-45","19710","MONTCHANIN","F","3","1","0","4","3","1","0","0"
"45-50","19710","MONTCHANIN","F","2","1","0","3","2","1","0","0"
"51-55","19710","MONTCHANIN","F","8","0","0","8","8","0","0","0"
"56-60","19710","MONTCHANIN","F","4","1","0","5","4","1","0","0"
"61-65","19710","MONTCHANIN","F","6","1","0","7","6","1","0","0"
"66-70","19710","MONTCHANIN","F","1","0","0","1","1","0","0","0"
"71+","19710","MONTCHANIN","F","6","7","0","13","6","7","0","0"
"16-17","19710","MONTCHANIN","M","2","0","0","2","2","0","0","0"
"18-20","19710","MONTCHANIN","M","2","0","0","2","2","0","0","0"
"21-25","19710","MONTCHANIN","M","2","0","0","2","2","0","0","0"
"26-30","19710","MONTCHANIN","M","3","2","0","5","3","2","0","0"
"31-35","19710","MONTCHANIN","M","1","1","0","2","1","1","0","0"
"36-40","19710","MONTCHANIN","M","3","0","0","3","3","0","0","0"
"41-45","19710","MONTCHANIN","M","1","1","0","2","1","1","0","0"
"45-50","19710","MONTCHANIN","M","1","1","0","2","1","1","0","0"
"51-55","19710","MONTCHANIN","M","1","3","0","4","1","3","0","0"
"56-60","19710","MONTCHANIN","M","6","1","0","7","6","1","0","1"
"61-65","19710","MONTCHANIN","M","3","2","0","5","3","2","0","0"
"66-70","19710","MONTCHANIN","M","2","0","0","2","2","0","0","0"
"71+","19710","MONTCHANIN","M","4","2","0","6","4","2","0","0"
"66-70","19711","NEWAK","F","0","1","0","1","0","1","0","0"
"16-17","19711","NEWARK","F","201","95","9","287","192","104","12","14"
"18-20","19711","NEWARK","F","450","221","22","649","428","243","33","33"
"21-25","19711","NEWARK","F","1149","619","50","1718","1099","669","79","101"
"26-30","19711","NEWARK","F","1148","742","70","1820","1078","812","90","91"
"31-35","19711","NEWARK","F","1000","567","35","1532","965","602","48","54"
"36-40","19711","NEWARK","F","840","463","46","1257","794","509","34","32"
"41-45","19711","NEWARK","F","721","410","16","1115","705","426","15","15"
"45-50","19711","NEWARK","F","835","432","15","1252","820","447","16","16"
"51-55","19711","NEWARK","F","1033","554","14","1573","1019","568","19","15"
"56-60","19711","NEWARK","F","1122","566","19","1669","1103","585","14","10"
"61-65","19711","NEWARK","F","1010","536","3","1543","1007","539","2","8"
"66-70","19711","NEWARK","F","807","525","13","1319","794","538","3","3"
"71+","19711","NEWARK","F","1306","1362","77","2591","1229","1439","14","11"
"<16","19711","NEWARK","M","0","1","0","1","0","1","0","0"
"16-17","19711","NEWARK","M","191","80","5","266","186","85","9","10"
"18-20","19711","NEWARK","M","475","291","20","746","455","311","27","45"
"21-25","19711","NEWARK","M","1061","920","73","1908","988","993","95","133"
"26-30","19711","NEWARK","M","1184","983","89","2078","1095","1072","111","148"
"31-35","19711","NEWARK","M","986","699","70","1615","916","769","78","83"
"36-40","19711","NEWARK","M","793","567","38","1322","755","605","50","43"
"41-45","19711","NEWARK","M","584","501","21","1064","563","522","23","38"
"45-50","19711","NEWARK","M","714","523","23","1214","691","546","18","22"
"51-55","19711","NEWARK","M","873","599","25","1447","848","624","25","19"
"56-60","19711","NEWARK","M","918","650","18","1550","900","668","14","11"
"61-65","19711","NEWARK","M","909","621","11","1519","898","632","8","6"
"66-70","19711","NEWARK","M","689","538","9","1218","680","547","8","5"
"71+","19711","NEWARK","M","1155","1171","51","2275","1104","1222","15","11"
"51-55","19711","NEWARK DE","F","0","1","0","1","0","1","0","0"
"61-65","19711","NEWARK DE","F","0","1","0","1","0","1","0","0"
"21-25","19711","NEWARK DE","M","0","1","0","1","0","1","0","0"
"71+","19711","NEWARK DEL","M","1","0","0","1","1","0","0","0"
"21-25","19712","NEWARK","F","0","1","0","1","0","1","0","0"
"26-30","19712","NEWARK","F","0","1","0","1","0","1","0","1"
"26-30","19712","NEWARK","M","1","0","0","1","1","0","0","0"
"31-35","19712","NEWARK","M","1","1","0","2","1","1","0","0"
"41-45","19712","NEWARK","M","1","0","0","1","1","0","0","0"
"45-50","19712","NEWARK","M","0","1","0","1","0","1","0","1"
"51-55","19712","NEWARK","M","0","1","0","1","0","1","0","0"
"56-60","19712","NEWARK","M","0","1","0","1","0","1","0","0"
"61-65","19713","NEWARK","M","0","1","0","1","0","1","0","0"
"16-17","19713","NEWARK","F","117","87","9","195","108","96","17","12"
"18-20","19713","NEWARK","F","263","201","29","435","234","230","46","46"
"21-25","19713","NEWARK","F","547","430","55","922","492","485","70","90"
"26-30","19713","NEWARK","F","727","697","68","1356","659","765","73","137"
"31-35","19713","NEWARK","F","649","609","51","1207","598","660","47","73"
"36-40","19713","NEWARK","F","555","505","48","1012","507","553","32","58"
"41-45","19713","NEWARK","F","467","441","22","886","445","463","20","34"
"45-50","19713","NEWARK","F","535","418","22","931","513","440","21","16"
"51-55","19713","NEWARK","F","499","479","20","958","479","499","14","23"
"56-60","19713","NEWARK","F","558","483","24","1017","534","507","15","15"
"61-65","19713","NEWARK","F","546","469","17","998","529","486","11","17"
"66-70","19713","NEWARK","F","376","383","9","750","367","392","4","8"
"71+","19713","NEWARK","F","763","981","69","1675","694","1050","13","17"
"16-17","19713","NEWARK","M","83","102","5","180","78","107","9","19"
"18-20","19713","NEWARK","M","229","261","29","461","200","290","49","56"
"21-25","19713","NEWARK","M","533","502","62","973","471","564","75","99"
"26-30","19713","NEWARK","M","659","748","75","1332","584","823","87","138"
"31-35","19713","NEWARK","M","650","786","64","1372","586","850","66","110"
"36-40","19713","NEWARK","M","564","674","41","1197","523","715","42","91"
"41-45","19713","NEWARK","M","458","536","48","946","410","584","41","54"
"45-50","19713","NEWARK","M","456","526","41","941","415","567","31","31"
"51-55","19713","NEWARK","M","477","514","26","965","451","540","19","37"
"56-60","19713","NEWARK","M","454","524","27","951","427","551","25","27"
"61-65","19713","NEWARK","M","439","486","26","899","413","512","16","12"
"66-70","19713","NEWARK","M","283","362","12","633","271","374","7","8"
"71+","19713","NEWARK","M","519","736","26","1229","493","762","12","12"
"61-65","19713","NEWARK DE","F","0","1","0","1","0","1","0","0"
"71+","19713","NEWARK DE","M","1","0","0","1","1","0","0","0"
"61-65","19713","WILMINGTON","F","0","1","0","1","0","1","0","0"
"31-35","19714","NEWARK","F","1","0","1","0","0","1","1","0"
"51-55","19714","NEWARK","F","1","0","0","1","1","0","0","0"
"41-45","19714","NEWARK","M","1","0","0","1","1","0","0","0"
"71+","19715","NEWARK","F","0","1","0","1","0","1","0","0"
"41-45","19715","NEWARK","M","1","0","0","1","1","0","0","0"
"21-25","19716","NEWARK","F","0","2","0","2","0","2","0","0"
"26-30","19716","NEWARK","F","3","1","0","4","3","1","0","0"
"31-35","19716","NEWARK","F","1","3","0","4","1","3","0","0"
"36-40","19716","NEWARK","F","0","1","0","1","0","1","0","0"
"45-50","19716","NEWARK","F","0","1","0","1","0","1","0","0"
"18-20","19716","NEWARK","M","0","1","0","1","0","1","0","0"
"21-25","19716","NEWARK","M","0","1","0","1","0","1","0","0"
"26-30","19716","NEWARK","M","2","2","0","4","2","2","0","0"
"31-35","19716","NEWARK","M","2","3","0","5","2","3","0","0"
"41-45","19716","NEWARK","M","1","2","1","2","0","3","1","0"
"18-20","19717","NEWARK","F","7","9","0","16","7","9","0","0"
"21-25","19717","NEWARK","F","3","14","0","17","3","14","0","0"
"26-30","19717","NEWARK","F","6","2","0","8","6","2","0","0"
"31-35","19717","NEWARK","F","1","1","0","2","1","1","1","0"
"18-20","19717","NEWARK","M","3","31","0","34","3","31","0","5"
"21-25","19717","NEWARK","M","5","32","0","37","5","32","0","3"
"26-30","19717","NEWARK","M","6","1","0","7","6","1","0","0"
"31-35","19717","NEWARK","M","0","2","0","2","0","2","0","0"
"41-45","19720","HISTORIC NEW CA","F","1","0","0","1","1","0","1","0"
"16-17","19720","NEW CASTLE","F","216","206","12","410","204","218","30","60"
"18-20","19720","NEW CASTLE","F","517","565","54","1028","463","619","105","144"
"21-25","19720","NEW CASTLE","F","978","1083","116","1945","862","1199","160","255"
"26-30","19720","NEW CASTLE","F","1113","1128","145","2096","968","1273","147","196"
"31-35","19720","NEW CASTLE","F","1005","1123","101","2027","904","1224","86","145"
"36-40","19720","NEW CASTLE","F","969","1109","102","1976","867","1211","93","116"
"41-45","19720","NEW CASTLE","F","864","1043","85","1822","779","1128","58","89"
"45-50","19720","NEW CASTLE","F","907","1194","58","2043","849","1252","38","75"
"51-55","19720","NEW CASTLE","F","987","1238","49","2176","938","1287","24","61"
"56-60","19720","NEW CASTLE","F","1006","1144","55","2095","951","1199","23","47"
"61-65","19720","NEW CASTLE","F","835","1007","43","1799","792","1050","12","26"
"66-70","19720","NEW CASTLE","F","629","846","23","1452","606","869","6","18"
"71+","19720","NEW CASTLE","F","889","1733","67","2555","822","1800","16","29"
"<16","19720","NEW CASTLE","M","0","1","0","1","0","1","0","0"
"16-17","19720","NEW CASTLE","M","156","210","9","357","147","219","24","48"
"18-20","19720","NEW CASTLE","M","406","619","66","959","340","685","96","190"
"21-25","19720","NEW CASTLE","M","834","1257","130","1961","704","1387","173","294"
"26-30","19720","NEW CASTLE","M","1006","1424","146","2284","860","1570","138","273"
"31-35","19720","NEW CASTLE","M","907","1235","121","2021","786","1356","108","191"
"36-40","19720","NEW CASTLE","M","785","1236","126","1895","659","1362","94","189"
"41-45","19720","NEW CASTLE","M","706","1096","85","1717","621","1181","69","137"
"45-50","19720","NEW CASTLE","M","780","1219","77","1922","703","1296","51","115"
"51-55","19720","NEW CASTLE","M","877","1232","85","2024","792","1317","54","98"
"56-60","19720","NEW CASTLE","M","829","1227","67","1989","762","1294","43","70"
"61-65","19720","NEW CASTLE","M","691","1074","41","1724","650","1115","33","44"
"66-70","19720","NEW CASTLE","M","467","780","30","1217","437","810","16","33"
"71+","19720","NEW CASTLE","M","704","1430","53","2081","651","1483","13","32"
"41-45","19720","NEW CASTLE DE","F","1","0","0","1","1","0","0","0"
"45-50","19720","NEW CASTLE DE","F","0","1","0","1","0","1","0","0"
"51-55","19720","NEW CASTLE DE","F","0","1","0","1","0","1","0","0"
"61-65","19720","NEW CASTLE DE","F","0","1","0","1","0","1","0","0"
"41-45","19720","NEW CASTLE DE","M","0","1","0","1","0","1","0","1"
"51-55","19720","NEW CASTLE DE","M","1","0","1","0","0","1","0","0"
"71+","19720","NEW CASTLE DE","M","0","1","0","1","0","1","0","0"
"21-25","19720","NEWCASTLE","F","0","2","0","2","0","2","0","1"
"26-30","19720","NEWCASTLE","F","0","1","0","1","0","1","0","0"
"36-40","19720","NEWCASTLE","F","0","1","0","1","0","1","0","0"
"45-50","19720","NEWCASTLE","F","1","0","1","0","0","1","0","0"
"51-55","19720","NEWCASTLE","F","2","1","0","3","2","1","0","0"
"71+","19720","NEWCASTLE","F","0","1","0","1","0","1","0","0"
"26-30","19720","NEWCASTLE","M","1","1","0","2","1","1","0","0"
"36-40","19720","NEWCASTLE","M","1","0","1","0","0","1","0","0"
"41-45","19720","NEWCASTLE","M","0","1","0","1","0","1","0","0"
"51-55","19720","NEWCASTLE","M","0","2","0","2","0","2","0","0"
"66-70","19720","NEW-CASTLE-","M","0","1","0","1","0","1","0","0"
"61-65","19720","NEWCASTLE DE","M","0","1","0","1","0","1","0","0"
"51-55","19720","NEWCASTLE DELAW","M","0","1","0","1","0","1","0","1"
"56-60","19720","WILMINGTON","M","0","1","0","1","0","1","0","0"
"56-60","19720","WILMINGTON DELA","F","0","1","0","1","0","1","0","0"
"16-17","19730","ODESSA","F","1","2","0","3","1","2","1","0"
"18-20","19730","ODESSA","F","2","3","0","5","2","3","0","1"
"21-25","19730","ODESSA","F","8","3","1","10","7","4","0","1"
"26-30","19730","ODESSA","F","8","1","0","9","8","1","0","0"
"31-35","19730","ODESSA","F","7","2","0","9","7","2","0","0"
"36-40","19730","ODESSA","F","7","3","0","10","7","3","1","0"
"41-45","19730","ODESSA","F","8","4","0","12","8","4","0","0"
"45-50","19730","ODESSA","F","16","7","1","22","15","8","0","0"
"51-55","19730","ODESSA","F","15","6","0","21","15","6","0","0"
"56-60","19730","ODESSA","F","13","0","1","12","12","1","1","0"
"61-65","19730","ODESSA","F","6","10","0","16","6","10","0","0"
"66-70","19730","ODESSA","F","16","11","0","27","16","11","0","0"
"71+","19730","ODESSA","F","28","18","2","44","26","20","0","0"
"16-17","19730","ODESSA","M","2","2","0","4","2","2","0","0"
"18-20","19730","ODESSA","M","6","3","0","9","6","3","0","0"
"21-25","19730","ODESSA","M","4","11","1","14","3","12","1","1"
"26-30","19730","ODESSA","M","5","5","1","9","4","6","1","1"
"31-35","19730","ODESSA","M","9","6","2","13","7","8","2","1"
"36-40","19730","ODESSA","M","6","7","0","13","6","7","0","0"
"41-45","19730","ODESSA","M","7","7","0","14","7","7","0","0"
"45-50","19730","ODESSA","M","11","10","0","21","11","10","1","1"
"51-55","19730","ODESSA","M","7","5","0","12","7","5","0","0"
"56-60","19730","ODESSA","M","12","8","0","20","12","8","1","0"
"61-65","19730","ODESSA","M","8","6","1","13","7","7","0","0"
"66-70","19730","ODESSA","M","13","5","1","17","12","6","1","0"
"71+","19730","ODESSA","M","27","19","1","45","26","20","1","0"
"18-20","19731","PORT PENN","F","3","0","0","3","3","0","2","0"
"21-25","19731","PORT PENN","F","1","2","0","3","1","2","0","0"
"26-30","19731","PORT PENN","F","9","0","1","8","8","1","1","0"
"31-35","19731","PORT PENN","F","7","3","0","10","7","3","0","1"
"36-40","19731","PORT PENN","F","2","1","1","2","1","2","0","0"
"41-45","19731","PORT PENN","F","4","2","0","6","4","2","0","0"
"45-50","19731","PORT PENN","F","4","4","1","7","3","5","1","1"
"51-55","19731","PORT PENN","F","8","1","1","8","7","2","0","0"
"56-60","19731","PORT PENN","F","3","3","0","6","3","3","0","0"
"61-65","19731","PORT PENN","F","7","3","0","10","7","3","0","1"
"66-70","19731","PORT PENN","F","6","3","0","9","6","3","0","0"
"71+","19731","PORT PENN","F","3","14","0","17","3","14","0","0"
"18-20","19731","PORT PENN","M","4","3","2","5","2","5","2","1"
"21-25","19731","PORT PENN","M","1","1","0","2","1","1","0","0"
"26-30","19731","PORT PENN","M","3","3","0","6","3","3","0","0"
"31-35","19731","PORT PENN","M","7","5","2","10","5","7","1","1"
"36-40","19731","PORT PENN","M","4","3","0","7","4","3","0","1"
"41-45","19731","PORT PENN","M","4","3","0","7","4","3","0","0"
"45-50","19731","PORT PENN","M","3","4","0","7","3","4","0","0"
"51-55","19731","PORT PENN","M","5","7","0","12","5","7","0","0"
"56-60","19731","PORT PENN","M","1","7","0","8","1","7","0","0"
"61-65","19731","PORT PENN","M","6","3","0","9","6","3","0","0"
"66-70","19731","PORT PENN","M","4","7","0","11","4","7","0","0"
"71+","19731","PORT PENN","M","7","2","0","9","7","2","0","0"
"16-17","19732","ROCKLAND","F","1","0","0","1","1","0","0","0"
"21-25","19732","ROCKLAND","F","4","2","1","5","3","3","1","0"
"26-30","19732","ROCKLAND","F","3","0","0","3","3","0","0","0"
"31-35","19732","ROCKLAND","F","2","0","0","2","2","0","0","0"
"36-40","19732","ROCKLAND","F","5","1","0","6","5","1","0","0"
"41-45","19732","ROCKLAND","F","1","0","0","1","1","0","0","0"
"45-50","19732","ROCKLAND","F","1","0","0","1","1","0","0","0"
"51-55","19732","ROCKLAND","F","4","3","0","7","4","3","0","0"
"56-60","19732","ROCKLAND","F","6","6","0","12","6","6","0","0"
"61-65","19732","ROCKLAND","F","10","3","0","13","10","3","0","0"
"66-70","19732","ROCKLAND","F","4","0","0","4","4","0","0","0"
"71+","19732","ROCKLAND","F","12","15","1","26","11","16","0","0"
"16-17","19732","ROCKLAND","M","1","0","0","1","1","0","0","0"
"21-25","19732","ROCKLAND","M","4","0","1","3","3","1","1","0"
"26-30","19732","ROCKLAND","M","4","1","0","5","4","1","0","0"
"31-35","19732","ROCKLAND","M","2","0","0","2","2","0","0","0"
"36-40","19732","ROCKLAND","M","2","0","0","2","2","0","0","0"
"41-45","19732","ROCKLAND","M","3","1","0","4","3","1","0","0"
"45-50","19732","ROCKLAND","M","1","0","0","1","1","0","0","0"
"51-55","19732","ROCKLAND","M","3","0","0","3","3","0","0","0"
"56-60","19732","ROCKLAND","M","6","1","0","7","6","1","0","0"
"61-65","19732","ROCKLAND","M","2","3","0","5","2","3","0","0"
"66-70","19732","ROCKLAND","M","8","4","0","12","8","4","0","0"
"71+","19732","ROCKLAND","M","16","8","1","23","15","9","0","1"
"16-17","19733","SAINT GEORGES","F","1","0","0","1","1","0","0","0"
"18-20","19733","SAINT GEORGES","F","3","2","0","5","3","2","0","1"
"21-25","19733","SAINT GEORGES","F","7","2","0","9","7","2","0","0"
"26-30","19733","SAINT GEORGES","F","7","2","0","9","7","2","2","0"
"31-35","19733","SAINT GEORGES","F","5","4","1","8","4","5","1","0"
"36-40","19733","SAINT GEORGES","F","7","3","0","10","7","3","0","0"
"41-45","19733","SAINT GEORGES","F","3","2","1","4","2","3","0","0"
"45-50","19733","SAINT GEORGES","F","4","3","0","7","4","3","0","0"
"51-55","19733","SAINT GEORGES","F","4","3","0","7","4","3","0","0"
"56-60","19733","SAINT GEORGES","F","16","1","0","17","16","1","0","0"
"61-65","19733","SAINT GEORGES","F","7","2","0","9","7","2","0","1"
"66-70","19733","SAINT GEORGES","F","5","3","1","7","4","4","0","0"
"71+","19733","SAINT GEORGES","F","8","4","2","10","6","6","0","0"
"18-20","19733","SAINT GEORGES","M","4","2","1","5","3","3","3","0"
"21-25","19733","SAINT GEORGES","M","7","7","0","14","7","7","3","0"
"26-30","19733","SAINT GEORGES","M","5","7","0","12","5","7","0","0"
"31-35","19733","SAINT GEORGES","M","3","5","1","7","2","6","0","0"
"36-40","19733","SAINT GEORGES","M","2","9","0","11","2","9","0","0"
"41-45","19733","SAINT GEORGES","M","2","2","0","4","2","2","1","0"
"45-50","19733","SAINT GEORGES","M","3","5","0","8","3","5","0","1"
"51-55","19733","SAINT GEORGES","M","2","10","0","12","2","10","0","0"
"56-60","19733","SAINT GEORGES","M","6","5","0","11","6","5","0","0"
"61-65","19733","SAINT GEORGES","M","9","6","0","15","9","6","0","0"
"66-70","19733","SAINT GEORGES","M","2","2","0","4","2","2","0","0"
"71+","19733","SAINT GEORGES","M","4","7","0","11","4","7","0","0"
"21-25","19733","ST GEORGES","F","1","0","0","1","1","0","0","0"
"31-35","19733","ST GEORGES","F","1","0","0","1","1","0","0","0"
"36-40","19733","ST GEORGES","F","0","2","0","2","0","2","0","0"
"41-45","19733","ST GEORGES","F","1","0","0","1","1","0","0","0"
"45-50","19733","ST GEORGES","F","3","0","0","3","3","0","1","0"
"51-55","19733","ST GEORGES","F","2","0","0","2","2","0","0","0"
"56-60","19733","ST GEORGES","F","2","1","0","3","2","1","0","0"
"61-65","19733","ST GEORGES","F","1","3","0","4","1","3","0","0"
"66-70","19733","ST GEORGES","F","2","1","0","3","2","1","0","0"
"71+","19733","ST GEORGES","F","3","1","0","4","3","1","0","0"
"21-25","19733","ST GEORGES","M","0","2","0","2","0","2","0","0"
"31-35","19733","ST GEORGES","M","1","1","0","2","1","1","0","0"
"45-50","19733","ST GEORGES","M","0","2","0","2","0","2","0","0"
"51-55","19733","ST GEORGES","M","2","1","0","3","2","1","0","0"
"56-60","19733","ST GEORGES","M","1","1","0","2","1","1","0","0"
"61-65","19733","ST GEORGES","M","2","3","0","5","2","3","0","0"
"66-70","19733","ST GEORGES","M","1","2","0","3","1","2","0","0"
"71+","19733","ST GEORGES","M","2","1","0","3","2","1","0","0"
"51-55","19733","ST. GEORGES","F","1","0","0","1","1","0","0","0"
"51-55","19733","ST. GEORGES","M","0","1","0","1","0","1","0","0"
"61-65","19733","ST. GEORGES","M","1","0","0","1","1","0","0","0"
"71+","19733","ST. GEORGES","M","0","1","0","1","0","1","0","0"
"16-17","19734","TOWNSEND","F","88","43","3","128","85","46","7","6"
"18-20","19734","TOWNSEND","F","174","108","12","270","162","120","15","11"
"21-25","19734","TOWNSEND","F","273","143","16","400","257","159","22","7"
"26-30","19734","TOWNSEND","F","282","115","9","388","273","124","15","9"
"31-35","19734","TOWNSEND","F","291","157","13","435","278","170","18","8"
"36-40","19734","TOWNSEND","F","306","188","10","484","296","198","11","8"
"41-45","19734","TOWNSEND","F","329","200","6","523","323","206","4","7"
"45-50","19734","TOWNSEND","F","311","213","7","517","304","220","13","3"
"51-55","19734","TOWNSEND","F","272","206","5","473","267","211","4","3"
"56-60","19734","TOWNSEND","F","266","195","3","458","263","198","5","0"
"61-65","19734","TOWNSEND","F","211","167","2","376","209","169","1","2"
"66-70","19734","TOWNSEND","F","178","160","1","337","177","161","2","5"
"71+","19734","TOWNSEND","F","233","342","13","562","220","355","3","2"
"16-17","19734","TOWNSEND","M","68","58","3","123","65","61","7","6"
"18-20","19734","TOWNSEND","M","153","130","5","278","148","135","11","18"
"21-25","19734","TOWNSEND","M","226","193","15","404","211","208","20","22"
"26-30","19734","TOWNSEND","M","240","167","24","383","216","191","32","23"
"31-35","19734","TOWNSEND","M","250","183","13","420","237","196","18","15"
"36-40","19734","TOWNSEND","M","247","196","15","428","232","211","9","13"
"41-45","19734","TOWNSEND","M","264","237","7","494","257","244","6","7"
"45-50","19734","TOWNSEND","M","256","240","10","486","246","250","11","11"
"51-55","19734","TOWNSEND","M","277","258","8","527","269","266","4","10"
"56-60","19734","TOWNSEND","M","235","208","5","438","230","213","4","8"
"61-65","19734","TOWNSEND","M","209","195","10","394","199","205","8","4"
"66-70","19734","TOWNSEND","M","147","179","2","324","145","181","2","5"
"71+","19734","TOWNSEND","M","234","330","7","557","227","337","2","4"
"61-65","19735","WINERTH DEL","M","1","0","1","0","0","1","0","0"
"21-25","19735","WINTERTHUR","F","1","0","0","1","1","0","0","0"
"31-35","19735","WINTERTHUR","F","2","0","0","2","2","0","0","0"
"36-40","19735","WINTERTHUR","F","2","0","0","2","2","0","0","0"
"41-45","19735","WINTERTHUR","F","2","0","0","2","2","0","0","0"
"45-50","19735","WINTERTHUR","F","1","0","0","1","1","0","0","0"
"51-55","19735","WINTERTHUR","F","1","1","0","2","1","1","0","0"
"56-60","19735","WINTERTHUR","F","1","0","0","1","1","0","0","0"
"61-65","19735","WINTERTHUR","F","1","0","0","1","1","0","0","0"
"66-70","19735","WINTERTHUR","F","1","0","0","1","1","0","0","0"
"36-40","19735","WINTERTHUR","M","0","1","0","1","0","1","0","0"
"41-45","19735","WINTERTHUR","M","0","1","0","1","0","1","0","0"
"45-50","19735","WINTERTHUR","M","1","0","0","1","1","0","0","0"
"51-55","19735","WINTERTHUR","M","2","0","0","2","2","0","0","0"
"66-70","19735","WINTERTHUR","M","0","1","0","1","0","1","0","0"
"21-25","19736","YORKLYN","F","3","0","0","3","3","0","0","0"
"26-30","19736","YORKLYN","F","4","0","0","4","4","0","0","0"
"31-35","19736","YORKLYN","F","1","1","0","2","1","1","0","0"
"36-40","19736","YORKLYN","F","1","2","0","3","1","2","0","0"
"41-45","19736","YORKLYN","F","2","0","0","2","2","0","0","0"
"45-50","19736","YORKLYN","F","4","0","0","4","4","0","0","0"
"51-55","19736","YORKLYN","F","6","1","0","7","6","1","0","0"
"56-60","19736","YORKLYN","F","12","2","0","14","12","2","0","0"
"61-65","19736","YORKLYN","F","6","5","0","11","6","5","0","0"
"66-70","19736","YORKLYN","F","4","5","0","9","4","5","0","1"
"71+","19736","YORKLYN","F","14","8","0","22","14","8","0","0"
"16-17","19736","YORKLYN","M","1","0","0","1","1","0","0","0"
"18-20","19736","YORKLYN","M","2","0","0","2","2","0","0","0"
"21-25","19736","YORKLYN","M","7","2","0","9","7","2","0","0"
"26-30","19736","YORKLYN","M","4","1","1","4","3","2","1","0"
"31-35","19736","YORKLYN","M","2","1","0","3","2","1","0","0"
"36-40","19736","YORKLYN","M","3","0","0","3","3","0","0","0"
"51-55","19736","YORKLYN","M","7","6","1","12","6","7","0","0"
"56-60","19736","YORKLYN","M","2","1","0","3","2","1","0","0"
"61-65","19736","YORKLYN","M","4","3","0","7","4","3","0","0"
"66-70","19736","YORKLYN","M","7","2","0","9","7","2","0","0"
"71+","19736","YORKLYN","M","8","13","0","21","8","13","0","0"
"56-60","19736","YORKLYNN","M","0","1","0","1","0","1","0","0"
"26-30","19801","NEWCASTLE","M","0","1","0","1","0","1","0","0"
"45-50","19801","WILIMINGTON","F","0","1","0","1","0","1","0","0"
"56-60","19801","WILM","F","1","0","0","1","1","0","0","0"
"61-65","19801","WILM","F","0","1","0","1","0","1","0","0"
"51-55","19801","WILMIGTON","M","0","1","0","1","0","1","0","0"
"26-30","19801","WILMIMGTON","F","0","1","0","1","0","1","0","0"
"26-30","19801","WILMINGTION","F","1","0","0","1","1","0","0","0"
"16-17","19801","WILMINGTON","F","19","42","4","57","15","46","10","10"
"18-20","19801","WILMINGTON","F","68","103","14","157","54","117","24","47"
"21-25","19801","WILMINGTON","F","178","293","25","446","153","318","32","98"
"26-30","19801","WILMINGTON","F","384","493","72","805","312","565","58","128"
"31-35","19801","WILMINGTON","F","337","436","63","710","274","499","42","71"
"36-40","19801","WILMINGTON","F","236","323","58","501","178","381","33","51"
"41-45","19801","WILMINGTON","F","169","258","38","389","131","296","14","29"
"45-50","19801","WILMINGTON","F","163","260","36","387","127","296","19","28"
"51-55","19801","WILMINGTON","F","161","271","24","408","137","295","10","18"
"56-60","19801","WILMINGTON","F","160","277","32","405","128","309","13","18"
"61-65","19801","WILMINGTON","F","148","220","31","337","117","251","4","7"
"66-70","19801","WILMINGTON","F","101","187","10","278","91","197","5","2"
"71+","19801","WILMINGTON","F","97","300","14","383","83","314","1","3"
"16-17","19801","WILMINGTON","M","7","32","1","38","6","33","2","8"
"18-20","19801","WILMINGTON","M","40","108","10","138","30","118","18","45"
"21-25","19801","WILMINGTON","M","152","241","27","366","125","268","31","68"
"26-30","19801","WILMINGTON","M","336","438","66","708","270","504","53","101"
"31-35","19801","WILMINGTON","M","296","434","58","672","238","492","30","71"
"36-40","19801","WILMINGTON","M","248","401","56","593","192","457","23","77"
"41-45","19801","WILMINGTON","M","166","296","60","402","106","356","21","40"
"45-50","19801","WILMINGTON","M","156","257","42","371","114","299","19","28"
"51-55","19801","WILMINGTON","M","163","261","41","383","122","302","13","31"
"56-60","19801","WILMINGTON","M","157","298","58","397","99","356","14","36"
"61-65","19801","WILMINGTON","M","150","258","28","380","122","286","14","17"
"66-70","19801","WILMINGTON","M","93","182","25","250","68","207","2","17"
"71+","19801","WILMINGTON","M","93","209","15","287","78","224","5","12"
"26-30","19801","WILMINGTON DE","F","0","1","0","1","0","1","0","0"
"56-60","19801","WILMINGTON -DEL","F","0","1","0","1","0","1","0","0"
"71+","19801","WILMINTON","F","1","0","0","1","1","0","0","0"
"51-55","19801","WILMINTON","M","0","1","0","1","0","1","0","0"
"26-30","19801","WIMINGTON","F","1","0","0","1","1","0","0","0"
"61-65","19802","DELAWAR","M","0","1","0","1","0","1","0","0"
"45-50","19802","DELAWARE","F","0","1","0","1","0","1","0","0"
"61-65","19802","WELMINGTON","M","0","1","0","1","0","1","0","0"
"66-70","19802","WIL DE","M","0","1","0","1","0","1","0","0"
"61-65","19802","WILM","M","0","1","0","1","0","1","0","0"
"61-65","19802","WILM DEL","F","0","1","0","1","0","1","0","0"
"16-17","19802","WILMINGTON","F","45","93","4","134","41","97","12","32"
"18-20","19802","WILMINGTON","F","181","250","34","397","147","284","55","70"
"21-25","19802","WILMINGTON","F","304","488","40","752","264","528","59","135"
"26-30","19802","WILMINGTON","F","398","589","66","921","332","655","53","153"
"31-35","19802","WILMINGTON","F","410","543","67","886","343","610","53","114"
"36-40","19802","WILMINGTON","F","437","541","64","914","373","605","39","69"
"41-45","19802","WILMINGTON","F","351","492","37","806","314","529","15","48"
"45-50","19802","WILMINGTON","F","335","466","43","758","292","509","18","35"
"51-55","19802","WILMINGTON","F","373","525","44","854","329","569","25","36"
"56-60","19802","WILMINGTON","F","321","536","37","820","284","573","13","28"
"61-65","19802","WILMINGTON","F","328","487","28","787","300","515","5","13"
"66-70","19802","WILMINGTON","F","221","393","9","605","212","402","5","8"
"71+","19802","WILMINGTON","F","343","765","28","1080","315","793","3","14"
"16-17","19802","WILMINGTON","M","39","88","4","123","35","92","8","29"
"18-20","19802","WILMINGTON","M","132","237","25","344","107","262","41","99"
"21-25","19802","WILMINGTON","M","296","528","61","763","235","589","61","156"
"26-30","19802","WILMINGTON","M","347","643","89","901","258","732","56","156"
"31-35","19802","WILMINGTON","M","335","582","76","841","259","658","45","98"
"36-40","19802","WILMINGTON","M","333","561","92","802","241","653","41","97"
"41-45","19802","WILMINGTON","M","299","511","73","737","226","584","38","81"
"45-50","19802","WILMINGTON","M","295","452","68","679","227","520","30","48"
"51-55","19802","WILMINGTON","M","282","472","46","708","236","518","23","44"
"56-60","19802","WILMINGTON","M","273","508","46","735","227","554","27","52"
"61-65","19802","WILMINGTON","M","241","424","33","632","208","457","12","30"
"66-70","19802","WILMINGTON","M","185","316","14","487","171","330","9","13"
"71+","19802","WILMINGTON","M","258","524","25","757","233","549","7","20"
"51-55","19802","WILMINGTON DE","F","0","1","0","1","0","1","0","0"
"56-60","19802","WILMINGTON DE","M","0","1","0","1","0","1","0","0"
"66-70","19802","WILMINGTON DELA","M","1","0","0","1","1","0","0","0"
"61-65","19802","WILMINGTONDELAW","F","0","1","0","1","0","1","0","0"
"71+","19802","WILMNINGTON","F","0","1","0","1","0","1","0","0"
"16-17","19803","TALLEYVILLE","F","4","1","0","5","4","1","0","0"
"18-20","19803","TALLEYVILLE","F","5","5","0","10","5","5","0","1"
"21-25","19803","TALLEYVILLE","F","5","2","0","7","5","2","0","1"
"26-30","19803","TALLEYVILLE","F","13","5","2","16","11","7","2","0"
"31-35","19803","TALLEYVILLE","F","9","6","0","15","9","6","1","0"
"36-40","19803","TALLEYVILLE","F","13","11","0","24","13","11","0","1"
"41-45","19803","TALLEYVILLE","F","4","4","0","8","4","4","0","1"
"45-50","19803","TALLEYVILLE","F","7","4","1","10","6","5","0","0"
"51-55","19803","TALLEYVILLE","F","15","5","0","20","15","5","0","0"
"56-60","19803","TALLEYVILLE","F","9","5","0","14","9","5","0","0"
"61-65","19803","TALLEYVILLE","F","8","6","0","14","8","6","0","0"
"66-70","19803","TALLEYVILLE","F","2","4","0","6","2","4","0","0"
"71+","19803","TALLEYVILLE","F","5","13","0","18","5","13","0","0"
"16-17","19803","TALLEYVILLE","M","2","1","0","3","2","1","0","1"
"18-20","19803","TALLEYVILLE","M","5","2","0","7","5","2","0","0"
"21-25","19803","TALLEYVILLE","M","10","7","0","17","10","7","2","1"
"26-30","19803","TALLEYVILLE","M","10","11","1","20","9","12","3","1"
"31-35","19803","TALLEYVILLE","M","12","10","2","20","10","12","2","1"
"36-40","19803","TALLEYVILLE","M","10","7","1","16","9","8","0","2"
"41-45","19803","TALLEYVILLE","M","6","9","0","15","6","9","0","0"
"45-50","19803","TALLEYVILLE","M","12","10","1","21","11","11","1","2"
"51-55","19803","TALLEYVILLE","M","8","7","2","13","6","9","2","1"
"56-60","19803","TALLEYVILLE","M","3","7","0","10","3","7","0","0"
"61-65","19803","TALLEYVILLE","M","9","4","0","13","9","4","0","0"
"66-70","19803","TALLEYVILLE","M","3","6","0","9","3","6","0","0"
"71+","19803","TALLEYVILLE","M","5","10","0","15","5","10","0","0"
"16-17","19803","WILMINGTON","F","159","40","0","199","159","40","2","4"
"18-20","19803","WILMINGTON","F","270","76","4","342","266","80","10","5"
"21-25","19803","WILMINGTON","F","398","162","5","555","393","167","12","17"
"26-30","19803","WILMINGTON","F","387","130","16","501","371","146","14","5"
"31-35","19803","WILMINGTON","F","421","168","10","579","411","178","9","9"
"36-40","19803","WILMINGTON","F","494","200","2","692","492","202","7","6"
"41-45","19803","WILMINGTON","F","436","194","8","622","428","202","4","5"
"45-50","19803","WILMINGTON","F","494","173","4","663","490","177","4","3"
"51-55","19803","WILMINGTON","F","580","223","4","799","576","227","5","5"
"56-60","19803","WILMINGTON","F","612","244","7","849","605","251","3","1"
"61-65","19803","WILMINGTON","F","569","264","6","827","563","270","4","2"
"66-70","19803","WILMINGTON","F","509","279","6","782","503","285","3","3"
"71+","19803","WILMINGTON","F","989","855","43","1801","946","898","15","13"
"16-17","19803","WILMINGTON","M","127","44","3","168","124","47","4","2"
"18-20","19803","WILMINGTON","M","235","131","3","363","232","134","6","9"
"21-25","19803","WILMINGTON","M","382","190","14","558","368","204","22","13"
"26-30","19803","WILMINGTON","M","376","189","16","549","360","205","21","14"
"31-35","19803","WILMINGTON","M","387","170","8","549","379","178","8","7"
"36-40","19803","WILMINGTON","M","409","209","9","609","400","218","11","9"
"41-45","19803","WILMINGTON","M","379","222","4","597","375","226","2","5"
"45-50","19803","WILMINGTON","M","428","237","8","657","420","245","7","8"
"51-55","19803","WILMINGTON","M","449","256","5","700","444","261","4","5"
"56-60","19803","WILMINGTON","M","499","280","11","768","488","291","12","9"
"61-65","19803","WILMINGTON","M","502","313","5","810","497","318","9","8"
"66-70","19803","WILMINGTON","M","400","247","11","636","389","258","4","4"
"71+","19803","WILMINGTON","M","824","723","33","1514","791","756","7","13"
"71+","19803","WILMINGTON 3","F","2","1","0","3","2","1","0","0"
"71+","19803","WILMINGTON DELA","F","1","0","0","1","1","0","0","0"
"71+","19803","WLMINGTON","F","1","0","0","1","1","0","0","0"
"16-17","19804","NEWPORT","F","4","2","0","6","4","2","0","1"
"18-20","19804","NEWPORT","F","2","5","0","7","2","5","0","1"
"21-25","19804","NEWPORT","F","9","4","0","13","9","4","0","0"
"26-30","19804","NEWPORT","F","17","7","1","23","16","8","1","0"
"31-35","19804","NEWPORT","F","10","5","3","12","7","8","2","0"
"36-40","19804","NEWPORT","F","13","3","1","15","12","4","1","0"
"41-45","19804","NEWPORT","F","8","4","0","12","8","4","0","0"
"45-50","19804","NEWPORT","F","8","4","1","11","7","5","0","0"
"51-55","19804","NEWPORT","F","6","4","1","9","5","5","2","0"
"56-60","19804","NEWPORT","F","8","9","0","17","8","9","0","0"
"61-65","19804","NEWPORT","F","16","7","0","23","16","7","0","0"
"66-70","19804","NEWPORT","F","8","8","0","16","8","8","0","0"
"71+","19804","NEWPORT","F","8","16","0","24","8","16","1","0"
"16-17","19804","NEWPORT","M","2","1","0","3","2","1","0","1"
"18-20","19804","NEWPORT","M","3","3","1","5","2","4","1","0"
"21-25","19804","NEWPORT","M","8","6","1","13","7","7","0","2"
"26-30","19804","NEWPORT","M","10","10","1","19","9","11","1","2"
"31-35","19804","NEWPORT","M","12","9","2","19","10","11","1","2"
"36-40","19804","NEWPORT","M","8","13","1","20","7","14","1","2"
"41-45","19804","NEWPORT","M","6","7","0","13","6","7","1","1"
"45-50","19804","NEWPORT","M","10","3","1","12","9","4","0","0"
"51-55","19804","NEWPORT","M","5","6","1","10","4","7","1","1"
"56-60","19804","NEWPORT","M","9","3","1","11","8","4","1","0"
"61-65","19804","NEWPORT","M","8","9","3","14","5","12","0","1"
"66-70","19804","NEWPORT","M","5","7","0","12","5","7","0","1"
"71+","19804","NEWPORT","M","12","12","0","24","12","12","0","1"
"26-30","19804","STANTON","F","0","1","0","1","0","1","0","0"
"16-17","19804","WILMINGTON","F","88","47","7","128","81","54","13","9"
"18-20","19804","WILMINGTON","F","158","115","9","264","149","124","25","24"
"21-25","19804","WILMINGTON","F","317","209","38","488","279","247","49","39"
"26-30","19804","WILMINGTON","F","407","258","29","636","378","287","39","43"
"31-35","19804","WILMINGTON","F","362","240","30","572","332","270","31","27"
"36-40","19804","WILMINGTON","F","359","259","25","593","334","284","17","29"
"41-45","19804","WILMINGTON","F","322","205","19","508","303","224","18","21"
"45-50","19804","WILMINGTON","F","309","214","29","494","280","243","11","19"
"51-55","19804","WILMINGTON","F","326","236","20","542","306","256","5","5"
"56-60","19804","WILMINGTON","F","374","270","22","622","352","292","10","7"
"61-65","19804","WILMINGTON","F","331","270","7","594","324","277","6","5"
"66-70","19804","WILMINGTON","F","247","208","8","447","239","216","2","5"
"71+","19804","WILMINGTON","F","374","615","40","949","334","655","3","8"
"16-17","19804","WILMINGTON","M","55","59","7","107","48","66","12","14"
"18-20","19804","WILMINGTON","M","147","163","14","296","133","177","25","42"
"21-25","19804","WILMINGTON","M","284","267","31","520","253","298","53","53"
"26-30","19804","WILMINGTON","M","388","320","36","672","352","356","38","61"
"31-35","19804","WILMINGTON","M","354","285","40","599","314","325","42","41"
"36-40","19804","WILMINGTON","M","300","327","30","597","270","357","23","37"
"41-45","19804","WILMINGTON","M","245","267","20","492","225","287","17","33"
"45-50","19804","WILMINGTON","M","266","280","29","517","237","309","21","29"
"51-55","19804","WILMINGTON","M","297","324","23","598","274","347","19","19"
"56-60","19804","WILMINGTON","M","279","373","18","634","261","391","14","15"
"61-65","19804","WILMINGTON","M","261","283","14","530","247","297","4","10"
"66-70","19804","WILMINGTON","M","179","201","11","369","168","212","3","10"
"71+","19804","WILMINGTON","M","256","466","19","703","237","485","5","7"
"71+","19804","WILMINGTON 4","M","0","1","0","1","0","1","0","0"
"71+","19804","WILMINGTON 5","M","0","1","0","1","0","1","0","0"
"61-65","19804","WILMINGTON DE","M","0","1","0","1","0","1","0","1"
"61-65","19804","WILMINTON","F","1","0","0","1","1","0","0","0"
"26-30","19804","WIMINGTON","M","1","0","0","1","1","0","0","0"
"71+","19805","EILMINGTON","M","1","0","0","1","1","0","0","0"
"16-17","19805","ELSMERE","F","1","3","0","4","1","3","0","0"
"18-20","19805","ELSMERE","F","6","8","0","14","6","8","0","1"
"21-25","19805","ELSMERE","F","17","10","1","26","16","11","6","1"
"26-30","19805","ELSMERE","F","21","16","3","34","18","19","5","4"
"31-35","19805","ELSMERE","F","21","18","2","37","19","20","1","1"
"36-40","19805","ELSMERE","F","17","10","1","26","16","11","2","1"
"41-45","19805","ELSMERE","F","5","13","1","17","4","14","0","0"
"45-50","19805","ELSMERE","F","10","4","3","11","7","7","0","0"
"51-55","19805","ELSMERE","F","14","14","3","25","11","17","1","0"
"56-60","19805","ELSMERE","F","8","10","2","16","6","12","0","1"
"61-65","19805","ELSMERE","F","7","4","0","11","7","4","0","0"
"66-70","19805","ELSMERE","F","4","7","0","11","4","7","0","0"
"71+","19805","ELSMERE","F","9","11","0","20","9","11","0","1"
"16-17","19805","ELSMERE","M","2","4","0","6","2","4","0","1"
"18-20","19805","ELSMERE","M","4","10","0","14","4","10","2","1"
"21-25","19805","ELSMERE","M","8","20","1","27","7","21","1","3"
"26-30","19805","ELSMERE","M","17","16","4","29","13","20","4","9"
"31-35","19805","ELSMERE","M","14","19","2","31","12","21","2","3"
"36-40","19805","ELSMERE","M","12","16","0","28","12","16","1","2"
"41-45","19805","ELSMERE","M","10","8","1","17","9","9","1","1"
"45-50","19805","ELSMERE","M","6","15","1","20","5","16","0","1"
"51-55","19805","ELSMERE","M","7","14","0","21","7","14","0","1"
"56-60","19805","ELSMERE","M","10","14","0","24","10","14","0","1"
"61-65","19805","ELSMERE","M","8","7","0","15","8","7","0","0"
"66-70","19805","ELSMERE","M","2","5","0","7","2","5","0","1"
"71+","19805","ELSMERE","M","5","14","0","19","5","14","0","2"
"71+","19805","WIL DEL","F","0","1","0","1","0","1","0","0"
"51-55","19805","WILIMINGTON","F","0","1","0","1","0","1","0","0"
"56-60","19805","WILM","F","1","0","0","1","1","0","0","0"
"71+","19805","WILMDE","F","0","1","0","1","0","1","0","0"
"51-55","19805","WILMIMGTON","M","1","0","1","0","0","1","0","0"
"21-25","19805","WILMINGTION","M","0","1","0","1","0","1","0","0"
"16-17","19805","WILMINGTON","F","107","128","11","224","96","139","18","37"
"18-20","19805","WILMINGTON","F","312","303","38","577","274","341","55","88"
"21-25","19805","WILMINGTON","F","590","655","90","1155","500","745","104","176"
"26-30","19805","WILMINGTON","F","791","770","99","1462","692","869","101","154"
"31-35","19805","WILMINGTON","F","859","753","126","1486","733","879","91","121"
"36-40","19805","WILMINGTON","F","790","708","94","1404","696","802","75","86"
"41-45","19805","WILMINGTON","F","595","598","82","1111","513","680","50","76"
"45-50","19805","WILMINGTON","F","552","538","68","1022","484","606","44","45"
"51-55","19805","WILMINGTON","F","557","565","45","1077","512","610","25","45"
"56-60","19805","WILMINGTON","F","517","568","47","1038","470","615","16","30"
"61-65","19805","WILMINGTON","F","452","469","31","890","421","500","8","13"
"66-70","19805","WILMINGTON","F","344","367","26","685","318","393","6","8"
"71+","19805","WILMINGTON","F","449","805","50","1204","399","855","9","12"
"16-17","19805","WILMINGTON","M","89","123","6","206","83","129","13","35"
"18-20","19805","WILMINGTON","M","243","353","40","556","203","393","54","127"
"21-25","19805","WILMINGTON","M","463","700","87","1076","376","787","99","223"
"26-30","19805","WILMINGTON","M","735","896","128","1503","607","1024","107","190"
"31-35","19805","WILMINGTON","M","781","824","127","1478","654","951","90","143"
"36-40","19805","WILMINGTON","M","667","825","111","1381","556","936","82","132"
"41-45","19805","WILMINGTON","M","471","707","90","1088","381","797","68","99"
"45-50","19805","WILMINGTON","M","462","637","59","1040","403","696","53","73"
"51-55","19805","WILMINGTON","M","420","638","65","993","355","703","29","74"
"56-60","19805","WILMINGTON","M","487","630","56","1061","431","686","31","64"
"61-65","19805","WILMINGTON","M","418","532","46","904","372","578","20","34"
"66-70","19805","WILMINGTON","M","292","394","26","660","266","420","6","20"
"71+","19805","WILMINGTON","M","322","610","30","902","292","640","10","28"
"71+","19805","WILMINGTON 5","F","0","1","0","1","0","1","0","0"
"31-35","19805","WILMINGTON DE","F","0","2","0","2","0","2","0","0"
"41-45","19805","WILMINGTON DE","F","0","1","0","1","0","1","0","0"
"31-35","19805","WILMINGTON DE","M","0","1","0","1","0","1","0","1"
"36-40","19805","WILMINGTON DE","M","0","1","0","1","0","1","0","0"
"56-60","19805","WILMINGTON DE","M","1","0","0","1","1","0","0","0"
"56-60","19805","WILMINGTON DEL","F","1","0","1","0","0","1","0","0"
"51-55","19806","WILIMGTON","M","0","1","0","1","0","1","0","0"
"16-17","19806","WILMINGTON","F","35","7","0","42","35","7","1","1"
"18-20","19806","WILMINGTON","F","72","17","2","87","70","19","4","2"
"21-25","19806","WILMINGTON","F","209","60","7","262","202","67","6","3"
"26-30","19806","WILMINGTON","F","457","103","21","539","436","124","18","7"
"31-35","19806","WILMINGTON","F","372","88","15","445","357","103","14","5"
"36-40","19806","WILMINGTON","F","241","78","14","305","227","92","12","8"
"41-45","19806","WILMINGTON","F","183","81","8","256","175","89","6","6"
"45-50","19806","WILMINGTON","F","189","55","7","237","182","62","6","5"
"51-55","19806","WILMINGTON","F","217","82","7","292","210","89","6","3"
"56-60","19806","WILMINGTON","F","216","73","11","278","205","84","8","3"
"61-65","19806","WILMINGTON","F","197","82","6","273","191","88","5","2"
"66-70","19806","WILMINGTON","F","212","137","13","336","199","150","3","5"
"71+","19806","WILMINGTON","F","466","395","49","812","417","444","4","9"
"16-17","19806","WILMINGTON","M","22","11","1","32","21","12","1","2"
"18-20","19806","WILMINGTON","M","58","25","3","80","55","28","5","3"
"21-25","19806","WILMINGTON","M","172","68","10","230","162","78","15","7"
"26-30","19806","WILMINGTON","M","385","149","15","519","370","164","19","8"
"31-35","19806","WILMINGTON","M","314","127","12","429","302","139","10","9"
"36-40","19806","WILMINGTON","M","255","98","12","341","243","110","9","10"
"41-45","19806","WILMINGTON","M","162","103","5","260","157","108","8","4"
"45-50","19806","WILMINGTON","M","180","90","4","266","176","94","3","5"
"51-55","19806","WILMINGTON","M","184","84","7","261","177","91","8","8"
"56-60","19806","WILMINGTON","M","171","90","8","253","163","98","4","4"
"61-65","19806","WILMINGTON","M","165","92","4","253","161","96","1","6"
"66-70","19806","WILMINGTON","M","169","110","6","273","163","116","3","4"
"71+","19806","WILMINGTON","M","309","259","25","543","284","284","6","5"
"66-70","19807","CENTERVILLE","F","0","1","0","1","0","1","0","0"
"71+","19807","CENTERVILLE","F","0","1","0","1","0","1","0","0"
"21-25","19807","GREENVILLE","F","3","1","0","4","3","1","0","0"
"26-30","19807","GREENVILLE","F","3","1","0","4","3","1","0","1"
"31-35","19807","GREENVILLE","F","6","0","0","6","6","0","0","0"
"36-40","19807","GREENVILLE","F","1","3","0","4","1","3","0","0"
"41-45","19807","GREENVILLE","F","1","2","0","3","1","2","0","0"
"45-50","19807","GREENVILLE","F","1","2","0","3","1","2","0","0"
"51-55","19807","GREENVILLE","F","2","2","0","4","2","2","0","0"
"56-60","19807","GREENVILLE","F","4","2","0","6","4","2","0","0"
"61-65","19807","GREENVILLE","F","2","1","0","3","2","1","0","0"
"66-70","19807","GREENVILLE","F","0","1","0","1","0","1","0","1"
"71+","19807","GREENVILLE","F","2","1","0","3","2","1","0","0"
"21-25","19807","GREENVILLE","M","2","1","0","3","2","1","0","0"
"26-30","19807","GREENVILLE","M","1","2","0","3","1","2","0","0"
"31-35","19807","GREENVILLE","M","3","1","0","4","3","1","0","0"
"36-40","19807","GREENVILLE","M","2","3","0","5","2","3","0","0"
"41-45","19807","GREENVILLE","M","5","0","0","5","5","0","0","0"
"45-50","19807","GREENVILLE","M","1","1","0","2","1","1","0","0"
"51-55","19807","GREENVILLE","M","3","2","0","5","3","2","0","0"
"56-60","19807","GREENVILLE","M","0","2","0","2","0","2","0","0"
"61-65","19807","GREENVILLE","M","4","0","0","4","4","0","0","0"
"66-70","19807","GREENVILLE","M","2","2","0","4","2","2","0","0"
"71+","19807","GREENVILLE","M","1","0","0","1","1","0","0","0"
"16-17","19807","WILMINGTON","F","64","15","1","78","63","16","4","1"
"18-20","19807","WILMINGTON","F","137","30","2","165","135","32","1","2"
"21-25","19807","WILMINGTON","F","196","52","2","246","194","54","1","5"
"26-30","19807","WILMINGTON","F","139","54","0","193","139","54","0","5"
"31-35","19807","WILMINGTON","F","85","57","1","141","84","58","6","8"
"36-40","19807","WILMINGTON","F","133","55","2","186","131","57","5","2"
"41-45","19807","WILMINGTON","F","143","56","2","197","141","58","3","3"
"45-50","19807","WILMINGTON","F","215","81","0","296","215","81","0","2"
"51-55","19807","WILMINGTON","F","255","89","2","342","253","91","1","2"
"56-60","19807","WILMINGTON","F","227","83","2","308","225","85","2","0"
"61-65","19807","WILMINGTON","F","211","92","3","300","208","95","3","2"
"66-70","19807","WILMINGTON","F","191","79","2","268","189","81","3","2"
"71+","19807","WILMINGTON","F","462","382","37","807","425","419","5","7"
"16-17","19807","WILMINGTON","M","57","15","0","72","57","15","2","1"
"18-20","19807","WILMINGTON","M","127","43","1","169","126","44","3","3"
"21-25","19807","WILMINGTON","M","168","61","2","227","166","63","7","2"
"26-30","19807","WILMINGTON","M","118","73","4","187","114","77","6","6"
"31-35","19807","WILMINGTON","M","109","81","5","185","104","86","5","10"
"36-40","19807","WILMINGTON","M","101","83","2","182","99","85","2","4"
"41-45","19807","WILMINGTON","M","111","88","2","197","109","90","4","4"
"45-50","19807","WILMINGTON","M","198","79","5","272","193","84","3","2"
"51-55","19807","WILMINGTON","M","207","104","0","311","207","104","0","2"
"56-60","19807","WILMINGTON","M","205","98","1","302","204","99","1","1"
"61-65","19807","WILMINGTON","M","176","106","2","280","174","108","2","1"
"66-70","19807","WILMINGTON","M","180","94","2","272","178","96","2","2"
"71+","19807","WILMINGTON","M","404","295","13","686","391","308","10","1"
"16-17","19808","MARSHALLTON","F","4","0","0","4","4","0","1","0"
"18-20","19808","MARSHALLTON","F","2","0","0","2","2","0","0","0"
"21-25","19808","MARSHALLTON","F","4","2","0","6","4","2","2","0"
"26-30","19808","MARSHALLTON","F","1","1","0","2","1","1","0","0"
"31-35","19808","MARSHALLTON","F","2","2","0","4","2","2","0","1"
"36-40","19808","MARSHALLTON","F","0","1","0","1","0","1","0","0"
"41-45","19808","MARSHALLTON","F","2","3","1","4","1","4","1","0"
"45-50","19808","MARSHALLTON","F","3","0","0","3","3","0","0","0"
"51-55","19808","MARSHALLTON","F","0","3","0","3","0","3","0","0"
"56-60","19808","MARSHALLTON","F","1","1","0","2","1","1","0","0"
"61-65","19808","MARSHALLTON","F","2","1","0","3","2","1","0","0"
"66-70","19808","MARSHALLTON","F","0","3","0","3","0","3","0","0"
"71+","19808","MARSHALLTON","F","2","1","1","2","1","2","0","0"
"16-17","19808","MARSHALLTON","M","1","0","0","1","1","0","0","0"
"18-20","19808","MARSHALLTON","M","2","2","0","4","2","2","0","0"
"21-25","19808","MARSHALLTON","M","3","1","1","3","2","2","1","0"
"26-30","19808","MARSHALLTON","M","1","3","0","4","1","3","0","0"
"31-35","19808","MARSHALLTON","M","1","0","0","1","1","0","0","0"
"36-40","19808","MARSHALLTON","M","2","2","0","4","2","2","0","0"
"41-45","19808","MARSHALLTON","M","0","4","0","4","0","4","0","1"
"45-50","19808","MARSHALLTON","M","1","2","0","3","1","2","0","0"
"51-55","19808","MARSHALLTON","M","2","1","0","3","2","1","0","0"
"56-60","19808","MARSHALLTON","M","2","1","0","3","2","1","0","0"
"61-65","19808","MARSHALLTON","M","3","3","0","6","3","3","0","1"
"66-70","19808","MARSHALLTON","M","0","2","0","2","0","2","0","0"
"71+","19808","MARSHALLTON","M","2","4","1","5","1","5","0","0"
"16-17","19808","WILMINGTON","F","204","98","4","298","200","102","11","9"
"18-20","19808","WILMINGTON","F","400","198","17","581","383","215","30","30"
"21-25","19808","WILMINGTON","F","700","416","37","1079","663","453","60","56"
"26-30","19808","WILMINGTON","F","869","413","42","1240","827","455","46","42"
"31-35","19808","WILMINGTON","F","854","473","42","1285","812","515","37","34"
"36-40","19808","WILMINGTON","F","801","506","33","1274","768","539","34","32"
"41-45","19808","WILMINGTON","F","698","389","26","1061","672","415","19","22"
"45-50","19808","WILMINGTON","F","745","400","23","1122","722","423","14","14"
"51-55","19808","WILMINGTON","F","877","480","27","1330","850","507","16","18"
"56-60","19808","WILMINGTON","F","963","582","21","1524","942","603","18","14"
"61-65","19808","WILMINGTON","F","972","595","12","1555","960","607","6","5"
"66-70","19808","WILMINGTON","F","747","477","16","1208","731","493","8","5"
"71+","19808","WILMINGTON","F","1203","1518","75","2646","1128","1593","12","21"
"16-17","19808","WILMINGTON","M","179","98","6","271","173","104","13","11"
"18-20","19808","WILMINGTON","M","364","261","28","597","336","289","54","49"
"21-25","19808","WILMINGTON","M","707","472","37","1142","670","509","59","67"
"26-30","19808","WILMINGTON","M","779","513","56","1236","723","569","68","66"
"31-35","19808","WILMINGTON","M","802","553","48","1307","754","601","66","59"
"36-40","19808","WILMINGTON","M","708","604","46","1266","662","650","33","49"
"41-45","19808","WILMINGTON","M","620","557","31","1146","589","588","29","41"
"45-50","19808","WILMINGTON","M","628","547","25","1150","603","572","23","26"
"51-55","19808","WILMINGTON","M","636","551","24","1163","612","575","16","26"
"56-60","19808","WILMINGTON","M","767","680","26","1421","741","706","17","17"
"61-65","19808","WILMINGTON","M","779","580","19","1340","760","599","15","10"
"66-70","19808","WILMINGTON","M","534","512","11","1035","523","523","7","5"
"71+","19808","WILMINGTON","M","847","1210","46","2011","801","1256","10","19"
"71+","19808","WILMINGTON 8","F","0","1","0","1","0","1","0","0"
"66-70","19808","WILMINGTON DE","M","0","1","0","1","0","1","0","0"
"71+","19808","WILMINGTON DELA","F","0","1","0","1","0","1","0","0"
"61-65","19808","WILMLINGTON","M","0","1","0","1","0","1","0","0"
"21-25","19809","BELLEFONTE","F","2","1","0","3","2","1","0","0"
"26-30","19809","BELLEFONTE","F","3","2","0","5","3","2","0","1"
"31-35","19809","BELLEFONTE","F","3","1","0","4","3","1","0","0"
"36-40","19809","BELLEFONTE","F","4","1","0","5","4","1","0","0"
"41-45","19809","BELLEFONTE","F","6","1","0","7","6","1","0","0"
"45-50","19809","BELLEFONTE","F","5","2","0","7","5","2","0","0"
"51-55","19809","BELLEFONTE","F","5","3","0","8","5","3","0","0"
"56-60","19809","BELLEFONTE","F","7","1","0","8","7","1","0","0"
"61-65","19809","BELLEFONTE","F","6","2","0","8","6","2","0","0"
"66-70","19809","BELLEFONTE","F","3","1","0","4","3","1","0","0"
"71+","19809","BELLEFONTE","F","2","2","0","4","2","2","0","0"
"16-17","19809","BELLEFONTE","M","4","0","0","4","4","0","0","0"
"18-20","19809","BELLEFONTE","M","1","0","0","1","1","0","0","0"
"21-25","19809","BELLEFONTE","M","1","2","0","3","1","2","0","2"
"26-30","19809","BELLEFONTE","M","6","3","1","8","5","4","0","1"
"31-35","19809","BELLEFONTE","M","5","0","3","2","2","3","0","0"
"36-40","19809","BELLEFONTE","M","4","3","0","7","4","3","0","0"
"41-45","19809","BELLEFONTE","M","5","3","1","7","4","4","1","0"
"45-50","19809","BELLEFONTE","M","1","1","0","2","1","1","0","0"
"51-55","19809","BELLEFONTE","M","4","4","0","8","4","4","0","0"
"56-60","19809","BELLEFONTE","M","4","1","0","5","4","1","0","0"
"61-65","19809","BELLEFONTE","M","5","3","1","7","4","4","1","0"
"66-70","19809","BELLEFONTE","M","2","3","0","5","2","3","0","0"
"71+","19809","BELLEFONTE","M","4","3","0","7","4","3","0","1"
"56-60","19809","WILIMIGTON","F","1","0","0","1","1","0","0","0"
"36-40","19809","WILMIMGTON","M","1","0","0","1","1","0","0","0"
"71+","19809","WILMINGTN","F","0","1","0","1","0","1","0","0"
"16-17","19809","WILMINGTON","F","60","22","4","78","56","26","8","2"
"18-20","19809","WILMINGTON","F","124","81","2","203","122","83","4","20"
"21-25","19809","WILMINGTON","F","223","147","17","353","206","164","27","31"
"26-30","19809","WILMINGTON","F","297","217","15","499","282","232","19","31"
"31-35","19809","WILMINGTON","F","362","241","25","578","337","266","25","27"
"36-40","19809","WILMINGTON","F","296","223","19","500","277","242","15","16"
"41-45","19809","WILMINGTON","F","282","178","14","446","268","192","10","13"
"45-50","19809","WILMINGTON","F","303","171","12","462","291","183","9","9"
"51-55","19809","WILMINGTON","F","333","191","10","514","323","201","5","10"
"56-60","19809","WILMINGTON","F","321","193","11","503","310","204","8","4"
"61-65","19809","WILMINGTON","F","354","200","6","548","348","206","2","3"
"66-70","19809","WILMINGTON","F","237","176","8","405","229","184","1","5"
"71+","19809","WILMINGTON","F","404","386","28","762","376","414","3","7"
"16-17","19809","WILMINGTON","M","37","29","2","64","35","31","5","8"
"18-20","19809","WILMINGTON","M","117","86","13","190","104","99","15","13"
"21-25","19809","WILMINGTON","M","216","160","27","349","189","187","27","35"
"26-30","19809","WILMINGTON","M","272","232","18","486","254","250","24","47"
