"date","month","year","place_name","employment","labor_force","unemployment","unemployment_rate"
"2002-05-01T00:00:00.000","May","2002","Mesa","210688","221699","11011","5.0"
"2000-01-01T00:00:00.000","January","2000","Chandler","100296","103106","2810","2.7"
"2000-01-01T00:00:00.000","January","2000","Gilbert","64502","65822","1320","2.0"
"2000-01-01T00:00:00.000","January","2000","Maricopa County","1527819","1584140","56321","3.6"
"2000-01-01T00:00:00.000","January","2000","Mesa","200449","207210","6761","3.3"
"2000-01-01T00:00:00.000","January","2000","Phoenix","652010","680636","28626","4.2"
"2000-01-01T00:00:00.000","January","2000","Tempe","94629","97657","3028","3.1"
"2000-01-01T00:00:00.000","January","2000","Tucson","228687","239889","11202","4.7"
"2000-02-01T00:00:00.000","February","2000","Chandler","100882","103493","2611","2.5"
"2000-02-01T00:00:00.000","February","2000","Gilbert","64879","66106","1227","1.9"
"2000-02-01T00:00:00.000","February","2000","Maricopa County","1536734","1589064","52330","3.3"
"2000-02-01T00:00:00.000","February","2000","Mesa","201619","207901","6282","3.0"
"2000-02-01T00:00:00.000","February","2000","Phoenix","655815","682413","26598","3.9"
"2000-02-01T00:00:00.000","February","2000","Tempe","95182","97996","2814","2.9"
"2000-02-01T00:00:00.000","February","2000","Tucson","231076","241320","10244","4.2"
"2000-03-01T00:00:00.000","March","2000","Chandler","100701","103359","2658","2.6"
"2000-03-01T00:00:00.000","March","2000","Gilbert","64763","66012","1249","1.9"
"2000-03-01T00:00:00.000","March","2000","Maricopa County","1533979","1587259","53280","3.4"
"2000-03-01T00:00:00.000","March","2000","Mesa","201257","207653","6396","3.1"
"2000-03-01T00:00:00.000","March","2000","Phoenix","654639","681719","27080","4.0"
"2000-03-01T00:00:00.000","March","2000","Tempe","95011","97875","2864","2.9"
"2000-03-01T00:00:00.000","March","2000","Tucson","231536","241508","9972","4.1"
"2000-04-01T00:00:00.000","April","2000","Chandler","101178","103503","2325","2.2"
"2000-04-01T00:00:00.000","April","2000","Gilbert","65070","66162","1092","1.7"
"2000-04-01T00:00:00.000","April","2000","Maricopa County","1541250","1587863","46613","2.9"
"2000-04-01T00:00:00.000","April","2000","Mesa","202211","207806","5595","2.7"
"2000-04-01T00:00:00.000","April","2000","Phoenix","657741","681433","23692","3.5"
"2000-04-01T00:00:00.000","April","2000","Tempe","95461","97967","2506","2.6"
"2000-04-01T00:00:00.000","April","2000","Tucson","230904","239757","8853","3.7"
"2000-05-01T00:00:00.000","May","2000","Chandler","100633","103032","2399","2.3"
"2000-05-01T00:00:00.000","May","2000","Gilbert","64718","65846","1128","1.7"
"2000-05-01T00:00:00.000","May","2000","Maricopa County","1532943","1581035","48092","3.0"
"2000-05-01T00:00:00.000","May","2000","Mesa","201121","206894","5773","2.8"
"2000-05-01T00:00:00.000","May","2000","Phoenix","654197","678640","24443","3.6"
"2000-05-01T00:00:00.000","May","2000","Tempe","94946","97531","2585","2.7"
"2000-05-01T00:00:00.000","May","2000","Tucson","227011","236043","9032","3.8"
"2000-06-01T00:00:00.000","June","2000","Chandler","101388","104106","2718","2.6"
"2000-06-01T00:00:00.000","June","2000","Gilbert","65204","66481","1277","1.9"
"2000-06-01T00:00:00.000","June","2000","Maricopa County","1544445","1598921","54476","3.4"
"2000-06-01T00:00:00.000","June","2000","Mesa","202630","209169","6539","3.1"
"2000-06-01T00:00:00.000","June","2000","Phoenix","659105","686793","27688","4.0"
"2000-06-01T00:00:00.000","June","2000","Tempe","95659","98588","2929","3.0"
"2000-06-01T00:00:00.000","June","2000","Tucson","228238","238527","10289","4.3"
"2000-07-01T00:00:00.000","July","2000","Chandler","101083","103818","2735","2.6"
"2000-07-01T00:00:00.000","July","2000","Gilbert","65008","66293","1285","1.9"
"2000-07-01T00:00:00.000","July","2000","Maricopa County","1539800","1594613","54813","3.4"
"2000-07-01T00:00:00.000","July","2000","Mesa","202020","208600","6580","3.2"
"2000-07-01T00:00:00.000","July","2000","Phoenix","657123","684983","27860","4.1"
"2000-07-01T00:00:00.000","July","2000","Tempe","95372","98319","2947","3.0"
"2000-07-01T00:00:00.000","July","2000","Tucson","225217","235419","10202","4.3"
"2000-08-01T00:00:00.000","August","2000","Chandler","101102","104011","2909","2.8"
"2000-08-01T00:00:00.000","August","2000","Gilbert","65020","66387","1367","2.1"
"2000-08-01T00:00:00.000","August","2000","Maricopa County","1540093","1598391","58298","3.6"
"2000-08-01T00:00:00.000","August","2000","Mesa","202059","209057","6998","3.3"
"2000-08-01T00:00:00.000","August","2000","Phoenix","657248","686879","29631","4.3"
"2000-08-01T00:00:00.000","August","2000","Tempe","95389","98523","3134","3.2"
"2000-08-01T00:00:00.000","August","2000","Tucson","224219","234875","10656","4.5"
"2000-09-01T00:00:00.000","September","2000","Chandler","102009","104611","2602","2.5"
"2000-09-01T00:00:00.000","September","2000","Gilbert","65603","66826","1223","1.8"
"2000-09-01T00:00:00.000","September","2000","Maricopa County","1553903","1606059","52156","3.2"
"2000-09-01T00:00:00.000","September","2000","Mesa","203871","210132","6261","3.0"
"2000-09-01T00:00:00.000","September","2000","Phoenix","663142","689652","26510","3.8"
"2000-09-01T00:00:00.000","September","2000","Tempe","96245","99049","2804","2.8"
"2000-09-01T00:00:00.000","September","2000","Tucson","226348","235914","9566","4.1"
"2000-10-01T00:00:00.000","October","2000","Chandler","102442","104920","2478","2.4"
"2000-10-01T00:00:00.000","October","2000","Gilbert","65882","67047","1165","1.7"
"2000-10-01T00:00:00.000","October","2000","Maricopa County","1560501","1610167","49666","3.1"
"2000-10-01T00:00:00.000","October","2000","Mesa","204737","210699","5962","2.8"
"2000-10-01T00:00:00.000","October","2000","Phoenix","665957","691201","25244","3.7"
"2000-10-01T00:00:00.000","October","2000","Tempe","96653","99323","2670","2.7"
"2000-10-01T00:00:00.000","October","2000","Tucson","228506","237675","9169","3.9"
"2000-11-01T00:00:00.000","November","2000","Chandler","102820","105169","2349","2.2"
"2000-11-01T00:00:00.000","November","2000","Gilbert","66125","67229","1104","1.6"
"2000-11-01T00:00:00.000","November","2000","Maricopa County","1566254","1613345","47091","2.9"
"2000-11-01T00:00:00.000","November","2000","Mesa","205491","211144","5653","2.7"
"2000-11-01T00:00:00.000","November","2000","Phoenix","668413","692348","23935","3.5"
"2000-11-01T00:00:00.000","November","2000","Tempe","97010","99542","2532","2.5"
"2000-11-01T00:00:00.000","November","2000","Tucson","230065","238796","8731","3.7"
"2000-12-01T00:00:00.000","December","2000","Chandler","103670","106027","2357","2.2"
"2000-12-01T00:00:00.000","December","2000","Gilbert","66671","67779","1108","1.6"
"2000-12-01T00:00:00.000","December","2000","Maricopa County","1579207","1626439","47232","2.9"
"2000-12-01T00:00:00.000","December","2000","Mesa","207190","212860","5670","2.7"
"2000-12-01T00:00:00.000","December","2000","Phoenix","673941","697948","24007","3.4"
"2000-12-01T00:00:00.000","December","2000","Tempe","97812","100351","2539","2.5"
"2000-12-01T00:00:00.000","December","2000","Tucson","230905","239729","8824","3.7"
"2001-01-01T00:00:00.000","January","2001","Chandler","105904","108910","3006","2.8"
"2001-01-01T00:00:00.000","January","2001","Gilbert","69930","71380","1450","2.0"
"2001-01-01T00:00:00.000","January","2001","Maricopa County","1569549","1628163","58614","3.6"
"2001-01-01T00:00:00.000","January","2001","Mesa","205969","213007","7038","3.3"
"2001-01-01T00:00:00.000","January","2001","Phoenix","658649","687944","29295","4.3"
"2001-01-01T00:00:00.000","January","2001","Tempe","94766","97838","3072","3.1"
"2001-01-01T00:00:00.000","January","2001","Tucson","225732","236643","10911","4.6"
"2001-02-01T00:00:00.000","February","2001","Chandler","106665","109420","2755","2.5"
"2001-02-01T00:00:00.000","February","2001","Gilbert","70432","71761","1329","1.9"
"2001-02-01T00:00:00.000","February","2001","Maricopa County","1580825","1634532","53707","3.3"
"2001-02-01T00:00:00.000","February","2001","Mesa","207448","213897","6449","3.0"
"2001-02-01T00:00:00.000","February","2001","Phoenix","663380","690223","26843","3.9"
"2001-02-01T00:00:00.000","February","2001","Tempe","95447","98262","2815","2.9"
"2001-02-01T00:00:00.000","February","2001","Tucson","228498","238442","9944","4.2"
"2001-03-01T00:00:00.000","March","2001","Chandler","106820","109855","3035","2.8"
"2001-03-01T00:00:00.000","March","2001","Gilbert","70535","71998","1463","2.0"
"2001-03-01T00:00:00.000","March","2001","Maricopa County","1583130","1642293","59163","3.6"
"2001-03-01T00:00:00.000","March","2001","Mesa","207751","214854","7103","3.3"
"2001-03-01T00:00:00.000","March","2001","Phoenix","664347","693917","29570","4.3"
"2001-03-01T00:00:00.000","March","2001","Tempe","95587","98688","3101","3.1"
"2001-03-01T00:00:00.000","March","2001","Tucson","229131","239528","10397","4.3"
"2001-04-01T00:00:00.000","April","2001","Chandler","106722","109598","2876","2.6"
"2001-04-01T00:00:00.000","April","2001","Gilbert","70469","71857","1388","1.9"
"2001-04-01T00:00:00.000","April","2001","Maricopa County","1581663","1637740","56077","3.4"
"2001-04-01T00:00:00.000","April","2001","Mesa","207558","214291","6733","3.1"
"2001-04-01T00:00:00.000","April","2001","Phoenix","663733","691760","28027","4.1"
"2001-04-01T00:00:00.000","April","2001","Tempe","95498","98437","2939","3.0"
"2001-04-01T00:00:00.000","April","2001","Tucson","229634","239341","9707","4.1"
"2001-05-01T00:00:00.000","May","2001","Chandler","106562","109493","2931","2.7"
"2001-05-01T00:00:00.000","May","2001","Gilbert","70364","71778","1414","2.0"
"2001-05-01T00:00:00.000","May","2001","Maricopa County","1579303","1636464","57161","3.5"
"2001-05-01T00:00:00.000","May","2001","Mesa","207249","214113","6864","3.2"
"2001-05-01T00:00:00.000","May","2001","Phoenix","662742","691311","28569","4.1"
"2001-05-01T00:00:00.000","May","2001","Tempe","95356","98352","2996","3.0"
"2001-05-01T00:00:00.000","May","2001","Tucson","227753","237281","9528","4.0"
"2001-06-01T00:00:00.000","June","2001","Chandler","106763","110329","3566","3.2"
"2001-06-01T00:00:00.000","June","2001","Gilbert","70497","72217","1720","2.4"
"2001-06-01T00:00:00.000","June","2001","Maricopa County","1582270","1651809","69539","4.2"
"2001-06-01T00:00:00.000","June","2001","Mesa","207638","215988","8350","3.9"
"2001-06-01T00:00:00.000","June","2001","Phoenix","663987","698742","34755","5.0"
"2001-06-01T00:00:00.000","June","2001","Tempe","95534","99178","3644","3.7"
"2001-06-01T00:00:00.000","June","2001","Tucson","226887","238400","11513","4.8"
"2001-07-01T00:00:00.000","July","2001","Chandler","107059","110659","3600","3.3"
"2001-07-01T00:00:00.000","July","2001","Gilbert","70692","72428","1736","2.4"
"2001-07-01T00:00:00.000","July","2001","Maricopa County","1586656","1656836","70180","4.2"
"2001-07-01T00:00:00.000","July","2001","Mesa","208213","216639","8426","3.9"
"2001-07-01T00:00:00.000","July","2001","Phoenix","665827","700903","35076","5.0"
"2001-07-01T00:00:00.000","July","2001","Tempe","95799","99478","3679","3.7"
"2001-07-01T00:00:00.000","July","2001","Tucson","225529","237219","11690","4.9"
"2001-08-01T00:00:00.000","August","2001","Chandler","106294","110444","4150","3.8"
"2001-08-01T00:00:00.000","August","2001","Gilbert","70187","72189","2002","2.8"
"2001-08-01T00:00:00.000","August","2001","Maricopa County","1575318","1656237","80919","4.9"
"2001-08-01T00:00:00.000","August","2001","Mesa","206725","216441","9716","4.5"
"2001-08-01T00:00:00.000","August","2001","Phoenix","661070","701513","40443","5.8"
"2001-08-01T00:00:00.000","August","2001","Tempe","95115","99357","4242","4.3"
"2001-08-01T00:00:00.000","August","2001","Tucson","224562","237505","12943","5.4"
"2001-09-01T00:00:00.000","September","2001","Chandler","107400","111588","4188","3.8"
"2001-09-01T00:00:00.000","September","2001","Gilbert","70917","72937","2020","2.8"
"2001-09-01T00:00:00.000","September","2001","Maricopa County","1591715","1673373","81658","4.9"
"2001-09-01T00:00:00.000","September","2001","Mesa","208877","218682","9805","4.5"
"2001-09-01T00:00:00.000","September","2001","Phoenix","667951","708764","40813","5.8"
"2001-09-01T00:00:00.000","September","2001","Tempe","96105","100385","4280","4.3"
"2001-09-01T00:00:00.000","September","2001","Tucson","228928","241912","12984","5.4"
"2001-10-01T00:00:00.000","October","2001","Chandler","107947","112109","4162","3.7"
"2001-10-01T00:00:00.000","October","2001","Gilbert","71279","73287","2008","2.7"
"2001-10-01T00:00:00.000","October","2001","Maricopa County","1599825","1680976","81151","4.8"
"2001-10-01T00:00:00.000","October","2001","Mesa","209942","219686","9744","4.4"
"2001-10-01T00:00:00.000","October","2001","Phoenix","671353","711912","40559","5.7"
"2001-10-01T00:00:00.000","October","2001","Tempe","96594","100847","4253","4.2"
"2001-10-01T00:00:00.000","October","2001","Tucson","229734","242821","13087","5.4"
"2001-11-01T00:00:00.000","November","2001","Chandler","107907","112136","4229","3.8"
"2001-11-01T00:00:00.000","November","2001","Gilbert","71251","73291","2040","2.8"
"2001-11-01T00:00:00.000","November","2001","Maricopa County","1599217","1681680","82463","4.9"
"2001-11-01T00:00:00.000","November","2001","Mesa","209862","219763","9901","4.5"
"2001-11-01T00:00:00.000","November","2001","Phoenix","671098","712313","41215","5.8"
"2001-11-01T00:00:00.000","November","2001","Tempe","96557","100879","4322","4.3"
"2001-11-01T00:00:00.000","November","2001","Tucson","232154","245511","13357","5.4"
"2001-12-01T00:00:00.000","December","2001","Chandler","108244","112581","4337","3.9"
"2001-12-01T00:00:00.000","December","2001","Gilbert","71474","73567","2093","2.8"
"2001-12-01T00:00:00.000","December","2001","Maricopa County","1604218","1688803","84585","5.0"
"2001-12-01T00:00:00.000","December","2001","Mesa","210518","220674","10156","4.6"
"2001-12-01T00:00:00.000","December","2001","Phoenix","673197","715472","42275","5.9"
"2001-12-01T00:00:00.000","December","2001","Tempe","96860","101294","4434","4.4"
"2001-12-01T00:00:00.000","December","2001","Tucson","232846","246341","13495","5.5"
"2002-01-01T00:00:00.000","January","2002","Chandler","109075","114153","5078","4.4"
"2002-01-01T00:00:00.000","January","2002","Gilbert","75605","78176","2571","3.3"
"2002-01-01T00:00:00.000","January","2002","Maricopa County","1586049","1683184","97135","5.8"
"2002-01-01T00:00:00.000","January","2002","Mesa","207521","219149","11628","5.3"
"2002-01-01T00:00:00.000","January","2002","Phoenix","656758","704663","47905","6.8"
"2002-01-01T00:00:00.000","January","2002","Tempe","93701","98682","4981","5.0"
"2002-01-01T00:00:00.000","January","2002","Tucson","226753","242149","15396","6.4"
"2002-02-01T00:00:00.000","February","2002","Chandler","110411","115232","4821","4.2"
"2002-02-01T00:00:00.000","February","2002","Gilbert","76531","78972","2441","3.1"
"2002-02-01T00:00:00.000","February","2002","Maricopa County","1605474","1697692","92218","5.4"
"2002-02-01T00:00:00.000","February","2002","Mesa","210062","221101","11039","5.0"
"2002-02-01T00:00:00.000","February","2002","Phoenix","664801","710281","45480","6.4"
"2002-02-01T00:00:00.000","February","2002","Tempe","94849","99578","4729","4.7"
"2002-02-01T00:00:00.000","February","2002","Tucson","229181","244139","14958","6.1"
"2002-03-01T00:00:00.000","March","2002","Chandler","110409","115382","4973","4.3"
"2002-03-01T00:00:00.000","March","2002","Gilbert","76530","79048","2518","3.2"
"2002-03-01T00:00:00.000","March","2002","Maricopa County","1605440","1700579","95139","5.6"
"2002-03-01T00:00:00.000","March","2002","Mesa","210058","221447","11389","5.1"
"2002-03-01T00:00:00.000","March","2002","Phoenix","664788","711709","46921","6.6"
"2002-03-01T00:00:00.000","March","2002","Tempe","94846","99726","4880","4.9"
"2002-03-01T00:00:00.000","March","2002","Tucson","228278","243408","15130","6.2"
"2002-04-01T00:00:00.000","April","2002","Chandler","110626","115579","4953","4.3"
"2002-04-01T00:00:00.000","April","2002","Gilbert","76680","79188","2508","3.2"
"2002-04-01T00:00:00.000","April","2002","Maricopa County","1608600","1703359","94759","5.6"
"2002-04-01T00:00:00.000","April","2002","Mesa","210471","221815","11344","5.1"
"2002-04-01T00:00:00.000","April","2002","Phoenix","666096","712829","46733","6.6"
"2002-04-01T00:00:00.000","April","2002","Tempe","95033","99893","4860","4.9"
"2002-04-01T00:00:00.000","April","2002","Tucson","228481","243441","14960","6.1"
"2002-05-01T00:00:00.000","May","2002","Chandler","110740","115548","4808","4.2"
"2002-05-01T00:00:00.000","May","2002","Gilbert","76759","79194","2435","3.1"
"2002-05-01T00:00:00.000","May","2002","Maricopa County","1610258","1702238","91980","5.4"
"2002-05-01T00:00:00.000","May","2002","Phoenix","666783","712146","45363","6.4"
"2002-05-01T00:00:00.000","May","2002","Tempe","95131","99848","4717","4.7"
"2002-05-01T00:00:00.000","May","2002","Tucson","228372","242917","14545","6.0"
"2002-06-01T00:00:00.000","June","2002","Chandler","111295","116559","5264","4.5"
"2002-06-01T00:00:00.000","June","2002","Gilbert","77144","79810","2666","3.3"
"2002-06-01T00:00:00.000","June","2002","Maricopa County","1618337","1719049","100712","5.9"
"2002-06-01T00:00:00.000","June","2002","Mesa","211745","223802","12057","5.4"
"2002-06-01T00:00:00.000","June","2002","Phoenix","670128","719797","49669","6.9"
"2002-06-01T00:00:00.000","June","2002","Tempe","95609","100774","5165","5.1"
"2002-06-01T00:00:00.000","June","2002","Tucson","226213","242406","16193","6.7"
"2002-07-01T00:00:00.000","July","2002","Chandler","111331","116500","5169","4.4"
"2002-07-01T00:00:00.000","July","2002","Gilbert","77169","79786","2617","3.3"
"2002-07-01T00:00:00.000","July","2002","Maricopa County","1618858","1717751","98893","5.8"
"2002-07-01T00:00:00.000","July","2002","Mesa","211813","223651","11838","5.3"
"2002-07-01T00:00:00.000","July","2002","Phoenix","670344","719116","48772","6.8"
"2002-07-01T00:00:00.000","July","2002","Tempe","95639","100711","5072","5.0"
"2002-07-01T00:00:00.000","July","2002","Tucson","223738","239654","15916","6.6"
"2002-08-01T00:00:00.000","August","2002","Chandler","111718","117116","5398","4.6"
"2002-08-01T00:00:00.000","August","2002","Gilbert","77437","80170","2733","3.4"
"2002-08-01T00:00:00.000","August","2002","Maricopa County","1624481","1727754","103273","6.0"
"2002-08-01T00:00:00.000","August","2002","Mesa","212550","224912","12362","5.5"
"2002-08-01T00:00:00.000","August","2002","Phoenix","672672","723604","50932","7.0"
"2002-08-01T00:00:00.000","August","2002","Tempe","95972","101268","5296","5.2"
"2002-08-01T00:00:00.000","August","2002","Tucson","225531","242126","16595","6.9"
"2002-09-01T00:00:00.000","September","2002","Chandler","112525","117638","5113","4.3"
"2002-09-01T00:00:00.000","September","2002","Gilbert","77997","80586","2589","3.2"
"2002-09-01T00:00:00.000","September","2002","Maricopa County","1636223","1734048","97825","5.6"
"2002-09-01T00:00:00.000","September","2002","Mesa","214086","225797","11711","5.2"
"2002-09-01T00:00:00.000","September","2002","Phoenix","677534","725779","48245","6.6"
"2002-09-01T00:00:00.000","September","2002","Tempe","96665","101681","5016","4.9"
"2002-09-01T00:00:00.000","September","2002","Tucson","229631","244948","15317","6.3"
"2002-10-01T00:00:00.000","October","2002","Chandler","112605","117649","5044","4.3"
"2002-10-01T00:00:00.000","October","2002","Gilbert","78051","80606","2555","3.2"
"2002-10-01T00:00:00.000","October","2002","Maricopa County","1637378","1733875","96497","5.6"
"2002-10-01T00:00:00.000","October","2002","Mesa","214237","225789","11552","5.1"
"2002-10-01T00:00:00.000","October","2002","Phoenix","678012","725602","47590","6.6"
"2002-10-01T00:00:00.000","October","2002","Tempe","96734","101683","4949","4.9"
"2002-10-01T00:00:00.000","October","2002","Tucson","230739","245912","15173","6.2"
"2002-11-01T00:00:00.000","November","2002","Chandler","112751","117654","4903","4.2"
"2002-11-01T00:00:00.000","November","2002","Gilbert","78153","80636","2483","3.1"
"2002-11-01T00:00:00.000","November","2002","Maricopa County","1639495","1733290","93795","5.4"
"2002-11-01T00:00:00.000","November","2002","Mesa","214514","225743","11229","5.0"
"2002-11-01T00:00:00.000","November","2002","Phoenix","678889","725147","46258","6.4"
"2002-11-01T00:00:00.000","November","2002","Tempe","96858","101668","4810","4.7"
"2002-11-01T00:00:00.000","November","2002","Tucson","230841","245884","15043","6.1"
"2002-12-01T00:00:00.000","December","2002","Chandler","112689","117474","4785","4.1"
"2002-12-01T00:00:00.000","December","2002","Gilbert","78109","80532","2423","3.0"
"2002-12-01T00:00:00.000","December","2002","Maricopa County","1638594","1730135","91541","5.3"
"2002-12-01T00:00:00.000","December","2002","Mesa","214396","225355","10959","4.9"
"2002-12-01T00:00:00.000","December","2002","Phoenix","678516","723662","45146","6.2"
"2002-12-01T00:00:00.000","December","2002","Tempe","96805","101499","4694","4.6"
"2002-12-01T00:00:00.000","December","2002","Tucson","231702","246386","14684","6.0"
"2003-01-01T00:00:00.000","January","2003","Chandler","113797","119082","5285","4.4"
"2003-01-01T00:00:00.000","January","2003","Gilbert","81468","84232","2764","3.3"
"2009-07-01T00:00:00.000","July","2009","Mesa","208746","229042","20296","8.9"
"2003-01-01T00:00:00.000","January","2003","Maricopa County","1625443","1724758","99315","5.8"
"2003-01-01T00:00:00.000","January","2003","Mesa","210500","222268","11768","5.3"
"2003-01-01T00:00:00.000","January","2003","Phoenix","664856","713239","48383","6.8"
"2003-01-01T00:00:00.000","January","2003","Tempe","93863","98841","4978","5.0"
"2003-01-01T00:00:00.000","January","2003","Tucson","229005","244533","15528","6.4"
"2003-02-01T00:00:00.000","February","2003","Chandler","114684","119648","4964","4.1"
"2003-02-01T00:00:00.000","February","2003","Gilbert","82103","84699","2596","3.1"
"2003-02-01T00:00:00.000","February","2003","Maricopa County","1638114","1731404","93290","5.4"
"2003-02-01T00:00:00.000","February","2003","Mesa","212141","223194","11053","5.0"
"2003-02-01T00:00:00.000","February","2003","Phoenix","670038","715485","45447","6.4"
"2003-02-01T00:00:00.000","February","2003","Tempe","94594","99270","4676","4.7"
"2003-02-01T00:00:00.000","February","2003","Tucson","230165","244911","14746","6.0"
"2003-03-01T00:00:00.000","March","2003","Chandler","114833","119737","4904","4.1"
"2003-03-01T00:00:00.000","March","2003","Gilbert","82210","84775","2565","3.0"
"2003-03-01T00:00:00.000","March","2003","Maricopa County","1640246","1732392","92146","5.3"
"2003-03-01T00:00:00.000","March","2003","Mesa","212417","223335","10918","4.9"
"2003-03-01T00:00:00.000","March","2003","Phoenix","670910","715799","44889","6.3"
"2003-03-01T00:00:00.000","March","2003","Tempe","94717","99336","4619","4.6"
"2003-03-01T00:00:00.000","March","2003","Tucson","230265","244905","14640","6.0"
"2003-04-01T00:00:00.000","April","2003","Chandler","115607","120402","4795","4.0"
"2003-04-01T00:00:00.000","April","2003","Gilbert","82763","85272","2509","2.9"
"2003-04-01T00:00:00.000","April","2003","Maricopa County","1651293","1741415","90122","5.2"
"2003-04-01T00:00:00.000","April","2003","Mesa","213848","224527","10679","4.8"
"2003-04-01T00:00:00.000","April","2003","Phoenix","675430","719334","43904","6.1"
"2003-04-01T00:00:00.000","April","2003","Tempe","95355","99873","4518","4.5"
"2003-04-01T00:00:00.000","April","2003","Tucson","230873","244719","13846","5.7"
"2003-05-01T00:00:00.000","May","2003","Chandler","115691","120345","4654","3.9"
"2003-05-01T00:00:00.000","May","2003","Gilbert","82824","85258","2434","2.9"
"2003-05-01T00:00:00.000","May","2003","Maricopa County","1652506","1739976","87470","5.0"
"2003-05-01T00:00:00.000","May","2003","Mesa","214005","224370","10365","4.6"
"2003-05-01T00:00:00.000","May","2003","Phoenix","675926","718538","42612","5.9"
"2003-05-01T00:00:00.000","May","2003","Tempe","95425","99810","4385","4.4"
"2003-05-01T00:00:00.000","May","2003","Tucson","229912","243518","13606","5.6"
"2003-06-01T00:00:00.000","June","2003","Chandler","116427","121613","5186","4.3"
"2003-06-01T00:00:00.000","June","2003","Gilbert","83350","86062","2712","3.2"
"2003-06-01T00:00:00.000","June","2003","Maricopa County","1663000","1760474","97474","5.5"
"2003-06-01T00:00:00.000","June","2003","Mesa","215364","226914","11550","5.1"
"2003-06-01T00:00:00.000","June","2003","Phoenix","680218","727703","47485","6.5"
"2003-06-01T00:00:00.000","June","2003","Tempe","96031","100917","4886","4.8"
"2003-06-01T00:00:00.000","June","2003","Tucson","227857","243536","15679","6.4"
"2003-07-01T00:00:00.000","July","2003","Chandler","115965","120941","4976","4.1"
"2003-07-01T00:00:00.000","July","2003","Gilbert","83020","85623","2603","3.0"
"2003-07-01T00:00:00.000","July","2003","Maricopa County","1656405","1749917","93512","5.3"
"2003-07-01T00:00:00.000","July","2003","Mesa","214510","225590","11080","4.9"
"2003-07-01T00:00:00.000","July","2003","Phoenix","677521","723076","45555","6.3"
"2003-07-01T00:00:00.000","July","2003","Tempe","95650","100337","4687","4.7"
"2003-07-01T00:00:00.000","July","2003","Tucson","226591","241770","15179","6.3"
"2003-08-01T00:00:00.000","August","2003","Chandler","115965","121114","5149","4.3"
"2003-08-01T00:00:00.000","August","2003","Gilbert","83019","85711","2692","3.1"
"2003-08-01T00:00:00.000","August","2003","Maricopa County","1656401","1753158","96757","5.5"
"2003-08-01T00:00:00.000","August","2003","Mesa","214510","225975","11465","5.1"
"2003-08-01T00:00:00.000","August","2003","Phoenix","677518","724655","47137","6.5"
"2003-08-01T00:00:00.000","August","2003","Tempe","95650","100500","4850","4.8"
"2003-08-01T00:00:00.000","August","2003","Tucson","228389","243780","15391","6.3"
"2003-09-01T00:00:00.000","September","2003","Chandler","116429","121324","4895","4.0"
"2003-09-01T00:00:00.000","September","2003","Gilbert","83352","85912","2560","3.0"
"2003-09-01T00:00:00.000","September","2003","Maricopa County","1663038","1755041","92003","5.2"
"2003-09-01T00:00:00.000","September","2003","Mesa","215368","226270","10902","4.8"
"2003-09-01T00:00:00.000","September","2003","Phoenix","680233","725053","44820","6.2"
"2003-09-01T00:00:00.000","September","2003","Tempe","96033","100645","4612","4.6"
"2003-09-01T00:00:00.000","September","2003","Tucson","231571","245907","14336","5.8"
"2003-10-01T00:00:00.000","October","2003","Chandler","117291","121912","4621","3.8"
"2003-10-01T00:00:00.000","October","2003","Gilbert","83970","86387","2417","2.8"
"2003-10-01T00:00:00.000","October","2003","Maricopa County","1675345","1762181","86836","4.9"
"2003-10-01T00:00:00.000","October","2003","Mesa","216963","227252","10289","4.5"
"2003-10-01T00:00:00.000","October","2003","Phoenix","685267","727570","42303","5.8"
"2003-10-01T00:00:00.000","October","2003","Tempe","96744","101097","4353","4.3"
"2003-10-01T00:00:00.000","October","2003","Tucson","232674","246518","13844","5.6"
"2003-11-01T00:00:00.000","November","2003","Chandler","118152","122522","4370","3.6"
"2003-11-01T00:00:00.000","November","2003","Gilbert","84586","86872","2286","2.6"
"2003-11-01T00:00:00.000","November","2003","Maricopa County","1687645","1769778","82133","4.6"
"2003-11-01T00:00:00.000","November","2003","Mesa","218555","228287","9732","4.3"
"2003-11-01T00:00:00.000","November","2003","Phoenix","690299","730311","40012","5.5"
"2003-11-01T00:00:00.000","November","2003","Tempe","97454","101571","4117","4.1"
"2003-11-01T00:00:00.000","November","2003","Tucson","234563","247766","13203","5.3"
"2003-12-01T00:00:00.000","December","2003","Chandler","118347","122573","4226","3.4"
"2003-12-01T00:00:00.000","December","2003","Gilbert","84726","86936","2210","2.5"
"2003-12-01T00:00:00.000","December","2003","Maricopa County","1690437","1769865","79428","4.5"
"2003-12-01T00:00:00.000","December","2003","Mesa","218917","228329","9412","4.1"
"2003-12-01T00:00:00.000","December","2003","Phoenix","691441","730136","38695","5.3"
"2003-12-01T00:00:00.000","December","2003","Tempe","97616","101597","3981","3.9"
"2003-12-01T00:00:00.000","December","2003","Tucson","235249","247945","12696","5.1"
"2004-01-01T00:00:00.000","January","2004","Chandler","119991","124847","4856","3.9"
"2004-01-01T00:00:00.000","January","2004","Gilbert","87871","90469","2598","2.9"
"2005-05-01T00:00:00.000","May","2005","Mesa","220504","228443","7939","3.5"
"2004-01-01T00:00:00.000","January","2004","Maricopa County","1678274","1767648","89374","5.1"
"2004-01-01T00:00:00.000","January","2004","Mesa","214471","224920","10449","4.6"
"2004-01-01T00:00:00.000","January","2004","Phoenix","679649","722756","43107","6.0"
"2004-01-01T00:00:00.000","January","2004","Tempe","95514","99930","4416","4.4"
"2004-01-01T00:00:00.000","January","2004","Tucson","233012","247190","14178","5.7"
"2004-02-01T00:00:00.000","February","2004","Chandler","120573","125049","4476","3.6"
"2004-02-01T00:00:00.000","February","2004","Gilbert","88296","90691","2395","2.6"
"2004-02-01T00:00:00.000","February","2004","Maricopa County","1686408","1768773","82365","4.7"
"2004-02-01T00:00:00.000","February","2004","Mesa","215510","225140","9630","4.3"
"2004-02-01T00:00:00.000","February","2004","Phoenix","682943","722669","39726","5.5"
"2004-02-01T00:00:00.000","February","2004","Tempe","95977","100046","4069","4.1"
"2004-02-01T00:00:00.000","February","2004","Tucson","234917","247895","12978","5.2"
"2004-03-01T00:00:00.000","March","2004","Chandler","120574","125140","4566","3.6"
"2004-03-01T00:00:00.000","March","2004","Gilbert","88297","90740","2443","2.7"
"2004-03-01T00:00:00.000","March","2004","Maricopa County","1686413","1770438","84025","4.7"
"2004-03-01T00:00:00.000","March","2004","Mesa","215511","225335","9824","4.4"
"2004-03-01T00:00:00.000","March","2004","Phoenix","682945","723473","40528","5.6"
"2004-03-01T00:00:00.000","March","2004","Tempe","95977","100128","4151","4.1"
"2004-03-01T00:00:00.000","March","2004","Tucson","233972","247540","13568","5.5"
"2004-04-01T00:00:00.000","April","2004","Chandler","121060","125403","4343","3.5"
"2004-04-01T00:00:00.000","April","2004","Gilbert","88654","90978","2324","2.6"
"2004-04-01T00:00:00.000","April","2004","Maricopa County","1693215","1773141","79926","4.5"
"2004-04-01T00:00:00.000","April","2004","Mesa","216381","225726","9345","4.1"
"2004-04-01T00:00:00.000","April","2004","Phoenix","685700","724251","38551","5.3"
"2004-04-01T00:00:00.000","April","2004","Tempe","96365","100314","3949","3.9"
"2004-04-01T00:00:00.000","April","2004","Tucson","234852","247712","12860","5.2"
"2004-05-01T00:00:00.000","May","2004","Chandler","121280","125365","4085","3.3"
"2004-05-01T00:00:00.000","May","2004","Gilbert","88814","91000","2186","2.4"
"2004-05-01T00:00:00.000","May","2004","Maricopa County","1696298","1771464","75166","4.2"
"2004-05-01T00:00:00.000","May","2004","Mesa","216774","225563","8789","3.9"
"2004-05-01T00:00:00.000","May","2004","Phoenix","686948","723202","36254","5.0"
"2004-05-01T00:00:00.000","May","2004","Tempe","96540","100253","3713","3.7"
"2004-05-01T00:00:00.000","May","2004","Tucson","234528","246683","12155","4.9"
"2004-06-01T00:00:00.000","June","2004","Chandler","122018","126587","4569","3.6"
"2004-06-01T00:00:00.000","June","2004","Gilbert","89355","91799","2444","2.7"
"2004-06-01T00:00:00.000","June","2004","Maricopa County","1706615","1790687","84072","4.7"
"2004-06-01T00:00:00.000","June","2004","Mesa","218093","227923","9830","4.3"
"2004-06-01T00:00:00.000","June","2004","Phoenix","691125","731674","40549","5.5"
"2004-06-01T00:00:00.000","June","2004","Tempe","97128","101282","4154","4.1"
"2004-06-01T00:00:00.000","June","2004","Tucson","232652","246220","13568","5.5"
"2004-07-01T00:00:00.000","July","2004","Chandler","122914","127329","4415","3.5"
"2004-07-01T00:00:00.000","July","2004","Gilbert","90011","92373","2362","2.6"
"2004-07-01T00:00:00.000","July","2004","Maricopa County","1719142","1800400","81258","4.5"
"2004-07-01T00:00:00.000","July","2004","Mesa","219693","229194","9501","4.1"
"2004-07-01T00:00:00.000","July","2004","Phoenix","696199","735391","39192","5.3"
"2004-07-01T00:00:00.000","July","2004","Tempe","97840","101855","4015","3.9"
"2004-07-01T00:00:00.000","July","2004","Tucson","231794","245225","13431","5.5"
"2004-08-01T00:00:00.000","August","2004","Chandler","122523","126958","4435","3.5"
"2004-08-01T00:00:00.000","August","2004","Gilbert","89725","92098","2373","2.6"
"2004-08-01T00:00:00.000","August","2004","Maricopa County","1713687","1795307","81620","4.5"
"2004-08-01T00:00:00.000","August","2004","Mesa","218996","228539","9543","4.2"
"2004-08-01T00:00:00.000","August","2004","Phoenix","693990","733358","39368","5.4"
"2004-08-01T00:00:00.000","August","2004","Tempe","97530","101562","4032","4.0"
"2004-08-01T00:00:00.000","August","2004","Tucson","233801","246950","13149","5.3"
"2004-09-01T00:00:00.000","September","2004","Chandler","122910","127108","4198","3.3"
"2004-09-01T00:00:00.000","September","2004","Gilbert","90008","92255","2247","2.4"
"2004-09-01T00:00:00.000","September","2004","Maricopa County","1719099","1796355","77256","4.3"
"2004-09-01T00:00:00.000","September","2004","Mesa","219688","228721","9033","3.9"
"2004-09-01T00:00:00.000","September","2004","Phoenix","696182","733444","37262","5.1"
"2004-09-01T00:00:00.000","September","2004","Tempe","97838","101655","3817","3.8"
"2004-09-01T00:00:00.000","September","2004","Tucson","235796","248336","12540","5.0"
"2004-10-01T00:00:00.000","October","2004","Chandler","123980","128096","4116","3.2"
"2004-10-01T00:00:00.000","October","2004","Gilbert","90791","92993","2202","2.4"
"2004-10-01T00:00:00.000","October","2004","Maricopa County","1734044","1809783","75739","4.2"
"2004-10-01T00:00:00.000","October","2004","Mesa","221598","230453","8855","3.8"
"2004-10-01T00:00:00.000","October","2004","Phoenix","702234","738764","36530","4.9"
"2004-10-01T00:00:00.000","October","2004","Tempe","98688","102430","3742","3.7"
"2004-10-01T00:00:00.000","October","2004","Tucson","237574","249855","12281","4.9"
"2004-11-01T00:00:00.000","November","2004","Chandler","124622","128605","3983","3.1"
"2004-11-01T00:00:00.000","November","2004","Gilbert","91262","93393","2131","2.3"
"2004-11-01T00:00:00.000","November","2004","Maricopa County","1743039","1816333","73294","4.0"
"2004-11-01T00:00:00.000","November","2004","Mesa","222748","231318","8570","3.7"
"2004-11-01T00:00:00.000","November","2004","Phoenix","705877","741229","35352","4.8"
"2004-11-01T00:00:00.000","November","2004","Tempe","99201","102822","3621","3.5"
"2004-11-01T00:00:00.000","November","2004","Tucson","239607","251461","11854","4.7"
"2004-12-01T00:00:00.000","December","2004","Chandler","124810","128653","3843","3.0"
"2004-12-01T00:00:00.000","December","2004","Gilbert","91399","93455","2056","2.2"
"2004-12-01T00:00:00.000","December","2004","Maricopa County","1745656","1816369","70713","3.9"
"2004-12-01T00:00:00.000","December","2004","Mesa","223082","231349","8267","3.6"
"2004-12-01T00:00:00.000","December","2004","Phoenix","706937","741043","34106","4.6"
"2004-12-01T00:00:00.000","December","2004","Tempe","99350","102843","3493","3.4"
"2004-12-01T00:00:00.000","December","2004","Tucson","238503","249996","11493","4.6"
"2005-01-01T00:00:00.000","January","2005","Chandler","124737","129129","4392","3.4"
"2005-01-01T00:00:00.000","January","2005","Gilbert","96841","99332","2491","2.5"
"2005-01-01T00:00:00.000","January","2005","Maricopa County","1734069","1814395","80326","4.4"
"2005-01-01T00:00:00.000","January","2005","Mesa","216282","225448","9166","4.1"
"2005-01-01T00:00:00.000","January","2005","Phoenix","696351","734769","38418","5.2"
"2005-01-01T00:00:00.000","January","2005","Tempe","95714","99563","3849","3.9"
"2005-01-01T00:00:00.000","January","2005","Tucson","231815","244439","12624","5.2"
"2005-02-01T00:00:00.000","February","2005","Chandler","125276","129518","4242","3.3"
"2005-02-01T00:00:00.000","February","2005","Gilbert","97260","99666","2406","2.4"
"2005-02-01T00:00:00.000","February","2005","Maricopa County","1741570","1819172","77602","4.3"
"2005-02-01T00:00:00.000","February","2005","Mesa","217218","226074","8856","3.9"
"2005-02-01T00:00:00.000","February","2005","Phoenix","699363","736478","37115","5.0"
"2005-02-01T00:00:00.000","February","2005","Tempe","96128","99846","3718","3.7"
"2005-02-01T00:00:00.000","February","2005","Tucson","232789","245197","12408","5.1"
"2005-03-01T00:00:00.000","March","2005","Chandler","125602","129830","4228","3.3"
"2005-03-01T00:00:00.000","March","2005","Gilbert","97513","99911","2398","2.4"
"2005-03-01T00:00:00.000","March","2005","Maricopa County","1746095","1823425","77330","4.2"
"2005-03-01T00:00:00.000","March","2005","Mesa","217782","226607","8825","3.9"
"2005-03-01T00:00:00.000","March","2005","Phoenix","701180","738165","36985","5.0"
"2005-03-01T00:00:00.000","March","2005","Tempe","96378","100083","3705","3.7"
"2005-03-01T00:00:00.000","March","2005","Tucson","232758","245008","12250","5.0"
"2005-04-01T00:00:00.000","April","2005","Chandler","126818","130854","4036","3.1"
"2005-04-01T00:00:00.000","April","2005","Gilbert","98456","100746","2290","2.3"
"2005-04-01T00:00:00.000","April","2005","Maricopa County","1762995","1836815","73820","4.0"
"2005-04-01T00:00:00.000","April","2005","Mesa","219890","228314","8424","3.7"
"2005-04-01T00:00:00.000","April","2005","Phoenix","707967","743273","35306","4.8"
"2005-04-01T00:00:00.000","April","2005","Tempe","97312","100848","3536","3.5"
"2005-04-01T00:00:00.000","April","2005","Tucson","233812","245570","11758","4.8"
"2005-05-01T00:00:00.000","May","2005","Chandler","127172","130976","3804","2.9"
"2005-05-01T00:00:00.000","May","2005","Gilbert","98732","100890","2158","2.1"
"2005-05-01T00:00:00.000","May","2005","Maricopa County","1767921","1837491","69570","3.8"
"2005-05-01T00:00:00.000","May","2005","Phoenix","709945","743218","33273","4.5"
"2005-05-01T00:00:00.000","May","2005","Tempe","97583","100916","3333","3.3"
"2005-05-01T00:00:00.000","May","2005","Tucson","233599","244705","11106","4.5"
"2005-06-01T00:00:00.000","June","2005","Chandler","127903","132066","4163","3.2"
"2005-06-01T00:00:00.000","June","2005","Gilbert","99300","101662","2362","2.3"
"2005-06-01T00:00:00.000","June","2005","Maricopa County","1778086","1854234","76148","4.1"
"2005-06-01T00:00:00.000","June","2005","Mesa","221772","230462","8690","3.8"
"2005-06-01T00:00:00.000","June","2005","Phoenix","714027","750447","36420","4.9"
"2005-06-01T00:00:00.000","June","2005","Tempe","98144","101793","3649","3.6"
"2005-06-01T00:00:00.000","June","2005","Tucson","232246","244826","12580","5.1"
"2005-07-01T00:00:00.000","July","2005","Chandler","128617","132766","4149","3.1"
"2005-07-01T00:00:00.000","July","2005","Gilbert","99853","102207","2354","2.3"
"2005-07-01T00:00:00.000","July","2005","Maricopa County","1788000","1863899","75899","4.1"
"2005-07-01T00:00:00.000","July","2005","Mesa","223008","231670","8662","3.7"
"2005-07-01T00:00:00.000","July","2005","Phoenix","718008","754309","36301","4.8"
"2005-07-01T00:00:00.000","July","2005","Tempe","98692","102328","3636","3.6"
"2005-07-01T00:00:00.000","July","2005","Tucson","232505","245150","12645","5.2"
"2005-08-01T00:00:00.000","August","2005","Chandler","128942","133207","4265","3.2"
"2005-08-01T00:00:00.000","August","2005","Gilbert","100106","102525","2419","2.4"
"2005-08-01T00:00:00.000","August","2005","Maricopa County","1792525","1870523","77998","4.2"
"2005-08-01T00:00:00.000","August","2005","Mesa","223573","232474","8901","3.8"
"2005-08-01T00:00:00.000","August","2005","Phoenix","719824","757129","37305","4.9"
"2005-08-01T00:00:00.000","August","2005","Tempe","98941","102678","3737","3.6"
"2005-08-01T00:00:00.000","August","2005","Tucson","233767","246582","12815","5.2"
"2005-09-01T00:00:00.000","September","2005","Chandler","129442","133682","4240","3.2"
"2005-09-01T00:00:00.000","September","2005","Gilbert","100494","102899","2405","2.3"
"2005-09-01T00:00:00.000","September","2005","Maricopa County","1799479","1877029","77550","4.1"
"2005-09-01T00:00:00.000","September","2005","Mesa","224441","233291","8850","3.8"
"2005-09-01T00:00:00.000","September","2005","Phoenix","722617","759707","37090","4.9"
"2005-09-01T00:00:00.000","September","2005","Tempe","99325","103040","3715","3.6"
"2005-09-01T00:00:00.000","September","2005","Tucson","236229","248875","12646","5.1"
"2005-10-01T00:00:00.000","October","2005","Chandler","130544","134590","4046","3.0"
"2005-10-01T00:00:00.000","October","2005","Gilbert","101350","103645","2295","2.2"
"2005-10-01T00:00:00.000","October","2005","Maricopa County","1814797","1888795","73998","3.9"
"2005-10-01T00:00:00.000","October","2005","Mesa","226351","234796","8445","3.6"
"2005-10-01T00:00:00.000","October","2005","Phoenix","728769","764160","35391","4.6"
"2005-10-01T00:00:00.000","October","2005","Tempe","100171","103717","3546","3.4"
"2005-10-01T00:00:00.000","October","2005","Tucson","236878","248969","12091","4.9"
"2005-11-01T00:00:00.000","November","2005","Chandler","131007","134992","3985","3.0"
"2005-11-01T00:00:00.000","November","2005","Gilbert","101710","103970","2260","2.2"
"2005-11-01T00:00:00.000","November","2005","Maricopa County","1821242","1894136","72894","3.8"
"2005-11-01T00:00:00.000","November","2005","Mesa","227155","235474","8319","3.5"
"2005-11-01T00:00:00.000","November","2005","Phoenix","731357","766221","34864","4.6"
"2005-11-01T00:00:00.000","November","2005","Tempe","100526","104018","3492","3.4"
"2005-11-01T00:00:00.000","November","2005","Tucson","236546","248556","12010","4.8"
"2005-12-01T00:00:00.000","December","2005","Chandler","131254","134990","3736","2.8"
"2005-12-01T00:00:00.000","December","2005","Gilbert","101901","104020","2119","2.0"
"2005-12-01T00:00:00.000","December","2005","Maricopa County","1824667","1892999","68332","3.6"
"2005-12-01T00:00:00.000","December","2005","Mesa","227582","235380","7798","3.3"
"2005-12-01T00:00:00.000","December","2005","Phoenix","732733","765415","32682","4.3"
"2005-12-01T00:00:00.000","December","2005","Tempe","100715","103989","3274","3.1"
"2005-12-01T00:00:00.000","December","2005","Tucson","238396","249612","11216","4.5"
"2006-01-01T00:00:00.000","January","2006","Chandler","130014","134142","4128","3.1"
"2006-01-01T00:00:00.000","January","2006","Gilbert","104647","107074","2427","2.3"
"2006-01-01T00:00:00.000","January","2006","Maricopa County","1805895","1881327","75432","4.0"
"2006-01-01T00:00:00.000","January","2006","Mesa","220201","228616","8415","3.7"
"2006-01-01T00:00:00.000","January","2006","Phoenix","719624","755424","35800","4.7"
"2006-01-01T00:00:00.000","January","2006","Tempe","97869","101418","3549","3.5"
"2006-01-01T00:00:00.000","January","2006","Tucson","232562","244532","11970","4.9"
"2006-02-01T00:00:00.000","February","2006","Chandler","130855","134867","4012","3.0"
"2006-02-01T00:00:00.000","February","2006","Gilbert","105325","107683","2358","2.2"
"2006-02-01T00:00:00.000","February","2006","Maricopa County","1817588","1890899","73311","3.9"
"2006-02-01T00:00:00.000","February","2006","Mesa","221626","229805","8179","3.6"
"2006-02-01T00:00:00.000","February","2006","Phoenix","724283","759077","34794","4.6"
"2006-02-01T00:00:00.000","February","2006","Tempe","98503","101952","3449","3.4"
"2006-02-01T00:00:00.000","February","2006","Tucson","235076","246762","11686","4.7"
"2006-03-01T00:00:00.000","March","2006","Chandler","131443","135294","3851","2.8"
"2006-03-01T00:00:00.000","March","2006","Gilbert","105797","108061","2264","2.1"
"2006-03-01T00:00:00.000","March","2006","Maricopa County","1825736","1896112","70376","3.7"
"2006-03-01T00:00:00.000","March","2006","Mesa","222619","230470","7851","3.4"
"2006-03-01T00:00:00.000","March","2006","Phoenix","727531","760932","33401","4.4"
"2006-03-01T00:00:00.000","March","2006","Tempe","98944","102255","3311","3.2"
"2006-03-01T00:00:00.000","March","2006","Tucson","234443","245682","11239","4.6"
"2006-04-01T00:00:00.000","April","2006","Chandler","131907","135647","3740","2.8"
"2006-04-01T00:00:00.000","April","2006","Gilbert","106171","108370","2199","2.0"
"2006-04-01T00:00:00.000","April","2006","Maricopa County","1832188","1900536","68348","3.6"
"2006-04-01T00:00:00.000","April","2006","Mesa","223406","231030","7624","3.3"
"2006-04-01T00:00:00.000","April","2006","Phoenix","730101","762539","32438","4.3"
"2006-04-01T00:00:00.000","April","2006","Tempe","99294","102509","3215","3.1"
"2006-04-01T00:00:00.000","April","2006","Tucson","234797","245666","10869","4.4"
"2006-05-01T00:00:00.000","May","2006","Chandler","132446","135899","3453","2.5"
"2006-05-01T00:00:00.000","May","2006","Gilbert","106605","108635","2030","1.9"
"2006-05-01T00:00:00.000","May","2006","Maricopa County","1839681","1902779","63098","3.3"
"2006-05-01T00:00:00.000","May","2006","Mesa","224320","231360","7040","3.0"
"2006-05-01T00:00:00.000","May","2006","Phoenix","733087","763033","29946","3.9"
"2006-05-01T00:00:00.000","May","2006","Tempe","99700","102668","2968","2.9"
"2006-05-01T00:00:00.000","May","2006","Tucson","233779","243848","10069","4.1"
"2006-06-01T00:00:00.000","June","2006","Chandler","133077","137039","3962","2.9"
"2006-06-01T00:00:00.000","June","2006","Gilbert","107113","109442","2329","2.1"
"2006-06-01T00:00:00.000","June","2006","Maricopa County","1848437","1920836","72399","3.8"
"2006-06-01T00:00:00.000","June","2006","Mesa","225387","233464","8077","3.5"
"2006-06-01T00:00:00.000","June","2006","Phoenix","736577","770937","34360","4.5"
"2006-06-01T00:00:00.000","June","2006","Tempe","100175","103581","3406","3.3"
"2006-06-01T00:00:00.000","June","2006","Tucson","232972","244749","11777","4.8"
"2006-07-01T00:00:00.000","July","2006","Chandler","133589","137552","3963","2.9"
"2006-07-01T00:00:00.000","July","2006","Gilbert","107526","109856","2330","2.1"
"2006-07-01T00:00:00.000","July","2006","Maricopa County","1855558","1927977","72419","3.8"
"2006-07-01T00:00:00.000","July","2006","Mesa","226255","234334","8079","3.4"
"2006-07-01T00:00:00.000","July","2006","Phoenix","739413","773783","34370","4.4"
"2006-07-01T00:00:00.000","July","2006","Tempe","100561","103968","3407","3.3"
"2006-07-01T00:00:00.000","July","2006","Tucson","232617","244482","11865","4.9"
"2006-08-01T00:00:00.000","August","2006","Chandler","133907","137830","3923","2.8"
"2006-08-01T00:00:00.000","August","2006","Gilbert","107781","110088","2307","2.1"
"2006-08-01T00:00:00.000","August","2006","Maricopa County","1859968","1931661","71693","3.7"
"2006-08-01T00:00:00.000","August","2006","Mesa","226794","234792","7998","3.4"
"2006-08-01T00:00:00.000","August","2006","Phoenix","741171","775196","34025","4.4"
"2006-08-01T00:00:00.000","August","2006","Tempe","100800","104173","3373","3.2"
"2006-08-01T00:00:00.000","August","2006","Tucson","235257","246885","11628","4.7"
"2006-09-01T00:00:00.000","September","2006","Chandler","134491","138320","3829","2.8"
"2006-09-01T00:00:00.000","September","2006","Gilbert","108252","110503","2251","2.0"
"2006-09-01T00:00:00.000","September","2006","Maricopa County","1868091","1938052","69961","3.6"
"2006-09-01T00:00:00.000","September","2006","Mesa","227785","235590","7805","3.3"
"2006-09-01T00:00:00.000","September","2006","Phoenix","744408","777612","33204","4.3"
"2006-09-01T00:00:00.000","September","2006","Tempe","101240","104531","3291","3.1"
"2006-09-01T00:00:00.000","September","2006","Tucson","238229","249611","11382","4.6"
"2006-10-01T00:00:00.000","October","2006","Chandler","135690","139246","3556","2.6"
"2006-10-01T00:00:00.000","October","2006","Gilbert","109217","111308","2091","1.9"
"2006-10-01T00:00:00.000","October","2006","Maricopa County","1884739","1949725","64986","3.3"
"2006-10-01T00:00:00.000","October","2006","Mesa","229814","237064","7250","3.1"
"2006-10-01T00:00:00.000","October","2006","Phoenix","751042","781885","30843","3.9"
"2006-10-01T00:00:00.000","October","2006","Tempe","102142","105199","3057","2.9"
"2006-10-01T00:00:00.000","October","2006","Tucson","242568","253188","10620","4.2"
"2006-11-01T00:00:00.000","November","2006","Chandler","135985","139449","3464","2.5"
"2006-11-01T00:00:00.000","November","2006","Gilbert","109453","111490","2037","1.8"
"2006-11-01T00:00:00.000","November","2006","Maricopa County","1888823","1952128","63305","3.2"
"2006-11-01T00:00:00.000","November","2006","Mesa","230312","237374","7062","3.0"
"2006-11-01T00:00:00.000","November","2006","Phoenix","752669","782714","30045","3.8"
"2006-11-01T00:00:00.000","November","2006","Tempe","102364","105342","2978","2.8"
"2006-11-01T00:00:00.000","November","2006","Tucson","243315","253662","10347","4.1"
"2006-12-01T00:00:00.000","December","2006","Chandler","136351","139686","3335","2.4"
"2006-12-01T00:00:00.000","December","2006","Gilbert","109748","111709","1961","1.8"
"2006-12-01T00:00:00.000","December","2006","Maricopa County","1893924","1954872","60948","3.1"
"2006-12-01T00:00:00.000","December","2006","Mesa","230934","237733","6799","2.9"
"2006-12-01T00:00:00.000","December","2006","Phoenix","754702","783628","28926","3.7"
"2006-12-01T00:00:00.000","December","2006","Tempe","102640","105508","2868","2.7"
"2006-12-01T00:00:00.000","December","2006","Tucson","244790","254625","9835","3.9"
"2007-01-01T00:00:00.000","January","2007","Chandler","133355","137116","3761","2.7"
"2007-01-01T00:00:00.000","January","2007","Gilbert","111162","113452","2290","2.0"
"2007-01-01T00:00:00.000","January","2007","Maricopa County","1869323","1938693","69370","3.6"
"2007-01-01T00:00:00.000","January","2007","Mesa","224204","231817","7613","3.3"
"2007-01-01T00:00:00.000","January","2007","Phoenix","739649","772340","32691","4.2"
"2007-01-01T00:00:00.000","January","2007","Tempe","100587","103827","3240","3.1"
"2007-01-01T00:00:00.000","January","2007","Tucson","238453","249384","10931","4.4"
"2007-02-01T00:00:00.000","February","2007","Chandler","133570","136976","3406","2.5"
"2007-02-01T00:00:00.000","February","2007","Gilbert","111341","113416","2075","1.8"
"2007-02-01T00:00:00.000","February","2007","Maricopa County","1872331","1935146","62815","3.2"
"2007-02-01T00:00:00.000","February","2007","Mesa","224564","231457","6893","3.0"
"2007-02-01T00:00:00.000","February","2007","Phoenix","740839","770440","29601","3.8"
"2007-02-01T00:00:00.000","February","2007","Tempe","100748","103682","2934","2.8"
"2007-02-01T00:00:00.000","February","2007","Tucson","240109","250092","9983","4.0"
"2007-03-01T00:00:00.000","March","2007","Chandler","133936","137238","3302","2.4"
"2007-03-01T00:00:00.000","March","2007","Gilbert","111647","113658","2011","1.8"
"2007-03-01T00:00:00.000","March","2007","Maricopa County","1877464","1938366","60902","3.1"
"2007-03-01T00:00:00.000","March","2007","Mesa","225180","231863","6683","2.9"
"2007-03-01T00:00:00.000","March","2007","Phoenix","742870","771571","28701","3.7"
"2007-03-01T00:00:00.000","March","2007","Tempe","101025","103869","2844","2.7"
"2007-03-01T00:00:00.000","March","2007","Tucson","239489","249123","9634","3.9"
"2007-04-01T00:00:00.000","April","2007","Chandler","133528","136660","3132","2.3"
"2007-04-01T00:00:00.000","April","2007","Gilbert","111305","113213","1908","1.7"
"2007-04-01T00:00:00.000","April","2007","Maricopa County","1871736","1929513","57777","3.0"
"2007-04-01T00:00:00.000","April","2007","Mesa","224493","230833","6340","2.7"
"2007-04-01T00:00:00.000","April","2007","Phoenix","740603","767830","27227","3.5"
"2007-04-01T00:00:00.000","April","2007","Tempe","100717","103416","2699","2.6"
"2007-04-01T00:00:00.000","April","2007","Tucson","238744","247949","9205","3.7"
"2007-05-01T00:00:00.000","May","2007","Chandler","133717","136569","2852","2.1"
"2007-05-01T00:00:00.000","May","2007","Gilbert","111462","113198","1736","1.5"
"2007-05-01T00:00:00.000","May","2007","Maricopa County","1874377","1926961","52584","2.7"
"2007-05-01T00:00:00.000","May","2007","Mesa","224810","230581","5771","2.5"
"2007-05-01T00:00:00.000","May","2007","Phoenix","741649","766430","24781","3.2"
"2007-05-01T00:00:00.000","May","2007","Tempe","100858","103314","2456","2.4"
"2007-05-01T00:00:00.000","May","2007","Tucson","238523","246780","8257","3.3"
"2007-06-01T00:00:00.000","June","2007","Chandler","134375","137726","3351","2.4"
"2007-06-01T00:00:00.000","June","2007","Gilbert","112012","114053","2041","1.8"
"2007-06-01T00:00:00.000","June","2007","Maricopa County","1883601","1945404","61803","3.2"
"2007-06-01T00:00:00.000","June","2007","Mesa","225916","232698","6782","2.9"
"2007-06-01T00:00:00.000","June","2007","Phoenix","745298","774423","29125","3.8"
"2007-06-01T00:00:00.000","June","2007","Tempe","101355","104242","2887","2.8"
"2007-06-01T00:00:00.000","June","2007","Tucson","237206","247139","9933","4.0"
"2007-07-01T00:00:00.000","July","2007","Chandler","134350","137744","3394","2.5"
"2007-07-01T00:00:00.000","July","2007","Gilbert","111990","114057","2067","1.8"
"2007-07-01T00:00:00.000","July","2007","Maricopa County","1883259","1945867","62608","3.2"
"2007-07-01T00:00:00.000","July","2007","Mesa","225876","232746","6870","3.0"
"2007-07-01T00:00:00.000","July","2007","Phoenix","745163","774667","29504","3.8"
"2007-07-01T00:00:00.000","July","2007","Tempe","101337","104261","2924","2.8"
"2007-07-01T00:00:00.000","July","2007","Tucson","237488","247792","10304","4.2"
"2007-08-01T00:00:00.000","August","2007","Chandler","134104","137547","3443","2.5"
"2007-08-01T00:00:00.000","August","2007","Gilbert","111786","113884","2098","1.8"
"2007-08-01T00:00:00.000","August","2007","Maricopa County","1879823","1943325","63502","3.3"
"2007-08-01T00:00:00.000","August","2007","Mesa","225463","232432","6969","3.0"
"2007-08-01T00:00:00.000","August","2007","Phoenix","743804","773729","29925","3.9"
"2007-08-01T00:00:00.000","August","2007","Tempe","101151","104117","2966","2.8"
"2007-08-01T00:00:00.000","August","2007","Tucson","234697","244939","10242","4.2"
"2007-09-01T00:00:00.000","September","2007","Chandler","134808","138275","3467","2.5"
"2007-09-01T00:00:00.000","September","2007","Gilbert","112373","114483","2110","1.8"
"2007-09-01T00:00:00.000","September","2007","Maricopa County","1889673","1953608","63935","3.3"
"2007-09-01T00:00:00.000","September","2007","Mesa","226644","233660","7016","3.0"
"2007-09-01T00:00:00.000","September","2007","Phoenix","747701","777831","30130","3.9"
"2007-09-01T00:00:00.000","September","2007","Tempe","101682","104668","2986","2.9"
"2007-09-01T00:00:00.000","September","2007","Tucson","239397","249754","10357","4.1"
"2007-10-01T00:00:00.000","October","2007","Chandler","134848","138391","3543","2.6"
"2007-10-01T00:00:00.000","October","2007","Gilbert","112405","114563","2158","1.9"
"2007-10-01T00:00:00.000","October","2007","Maricopa County","1890234","1955593","65359","3.3"
"2007-10-01T00:00:00.000","October","2007","Mesa","226712","233884","7172","3.1"
"2007-10-01T00:00:00.000","October","2007","Phoenix","747924","778726","30802","4.0"
"2007-10-01T00:00:00.000","October","2007","Tempe","101711","104765","3054","2.9"
"2007-10-01T00:00:00.000","October","2007","Tucson","240517","251174","10657","4.2"
"2007-11-01T00:00:00.000","November","2007","Chandler","135467","139155","3688","2.7"
"2007-11-01T00:00:00.000","November","2007","Gilbert","112922","115169","2247","2.0"
"2007-11-01T00:00:00.000","November","2007","Maricopa County","1898912","1966941","68029","3.5"
"2007-11-01T00:00:00.000","November","2007","Mesa","227753","235219","7466","3.2"
"2007-11-01T00:00:00.000","November","2007","Phoenix","751357","783416","32059","4.1"
"2007-11-01T00:00:00.000","November","2007","Tempe","102179","105356","3177","3.0"
"2007-11-01T00:00:00.000","November","2007","Tucson","241237","252195","10958","4.3"
"2007-12-01T00:00:00.000","December","2007","Chandler","134984","138883","3899","2.8"
"2007-12-01T00:00:00.000","December","2007","Gilbert","112519","114894","2375","2.1"
"2007-12-01T00:00:00.000","December","2007","Maricopa County","1892148","1964065","71917","3.7"
"2007-12-01T00:00:00.000","December","2007","Mesa","226941","234833","7892","3.4"
"2007-12-01T00:00:00.000","December","2007","Phoenix","748681","782572","33891","4.3"
"2007-12-01T00:00:00.000","December","2007","Tempe","101815","105174","3359","3.2"
"2007-12-01T00:00:00.000","December","2007","Tucson","240043","251510","11467","4.6"
"2008-01-01T00:00:00.000","January","2008","Chandler","132898","137209","4311","3.1"
"2008-01-01T00:00:00.000","January","2008","Gilbert","114669","117387","2718","2.3"
"2008-01-01T00:00:00.000","January","2008","Maricopa County","1879301","1959517","80216","4.1"
"2008-01-01T00:00:00.000","January","2008","Mesa","222140","230815","8675","3.8"
"2008-01-01T00:00:00.000","January","2008","Phoenix","742463","780207","37744","4.8"
"2008-01-01T00:00:00.000","January","2008","Tempe","100735","104467","3732","3.6"
"2008-01-01T00:00:00.000","January","2008","Tucson","235604","248460","12856","5.2"
"2008-02-01T00:00:00.000","February","2008","Chandler","132738","136853","4115","3.0"
"2008-02-01T00:00:00.000","February","2008","Gilbert","114531","117125","2594","2.2"
"2008-02-01T00:00:00.000","February","2008","Maricopa County","1877022","1953569","76547","3.9"
"2008-02-01T00:00:00.000","February","2008","Mesa","221871","230150","8279","3.6"
"2008-02-01T00:00:00.000","February","2008","Phoenix","741564","777582","36018","4.6"
"2008-02-01T00:00:00.000","February","2008","Tempe","100612","104174","3562","3.4"
"2008-02-01T00:00:00.000","February","2008","Tucson","237407","249667","12260","4.9"
"2008-03-01T00:00:00.000","March","2008","Chandler","132551","136946","4395","3.2"
"2008-03-01T00:00:00.000","March","2008","Gilbert","114369","117140","2771","2.4"
"2008-03-01T00:00:00.000","March","2008","Maricopa County","1874368","1956144","81776","4.2"
"2008-03-01T00:00:00.000","March","2008","Mesa","221558","230402","8844","3.8"
"2008-03-01T00:00:00.000","March","2008","Phoenix","740515","778994","38479","4.9"
"2008-03-01T00:00:00.000","March","2008","Tempe","100470","104274","3804","3.6"
"2008-03-01T00:00:00.000","March","2008","Tucson","238322","251240","12918","5.1"
"2008-04-01T00:00:00.000","April","2008","Chandler","132658","136966","4308","3.1"
"2008-04-01T00:00:00.000","April","2008","Gilbert","114461","117177","2716","2.3"
"2008-04-01T00:00:00.000","April","2008","Maricopa County","1875887","1956026","80139","4.1"
"2008-04-01T00:00:00.000","April","2008","Mesa","221737","230404","8667","3.8"
"2008-04-01T00:00:00.000","April","2008","Phoenix","741114","778822","37708","4.8"
"2008-04-01T00:00:00.000","April","2008","Tempe","100551","104279","3728","3.6"
"2008-04-01T00:00:00.000","April","2008","Tucson","240583","253410","12827","5.1"
"2008-05-01T00:00:00.000","May","2008","Chandler","131978","136731","4753","3.5"
"2008-05-01T00:00:00.000","May","2008","Gilbert","113875","116872","2997","2.6"
"2008-05-01T00:00:00.000","May","2008","Maricopa County","1866272","1954719","88447","4.5"
"2008-05-01T00:00:00.000","May","2008","Mesa","220601","230166","9565","4.2"
"2008-05-01T00:00:00.000","May","2008","Phoenix","737316","778934","41618","5.3"
"2008-05-01T00:00:00.000","May","2008","Tempe","100035","104151","4116","4.0"
"2008-05-01T00:00:00.000","May","2008","Tucson","239420","253418","13998","5.5"
"2008-06-01T00:00:00.000","June","2008","Chandler","131882","137502","5620","4.1"
"2008-06-01T00:00:00.000","June","2008","Gilbert","113792","117335","3543","3.0"
"2008-06-01T00:00:00.000","June","2008","Maricopa County","1864907","1969463","104556","5.3"
"2008-06-01T00:00:00.000","June","2008","Mesa","220440","231748","11308","4.9"
"2008-06-01T00:00:00.000","June","2008","Phoenix","736777","785973","49196","6.3"
"2008-06-01T00:00:00.000","June","2008","Tempe","99963","104829","4866","4.6"
"2008-06-01T00:00:00.000","June","2008","Tucson","239220","255876","16656","6.5"
"2008-07-01T00:00:00.000","July","2008","Chandler","131063","137107","6044","4.4"
"2008-07-01T00:00:00.000","July","2008","Gilbert","113085","116895","3810","3.3"
"2008-07-01T00:00:00.000","July","2008","Maricopa County","1853328","1965792","112464","5.7"
"2008-07-01T00:00:00.000","July","2008","Mesa","219071","231234","12163","5.3"
"2008-07-01T00:00:00.000","July","2008","Phoenix","732202","785121","52919","6.7"
"2008-07-01T00:00:00.000","July","2008","Tempe","99343","104576","5233","5.0"
"2008-07-01T00:00:00.000","July","2008","Tucson","241443","259235","17792","6.9"
"2008-08-01T00:00:00.000","August","2008","Chandler","131080","137676","6596","4.8"
"2008-08-01T00:00:00.000","August","2008","Gilbert","113099","117257","4158","3.5"
"2008-08-01T00:00:00.000","August","2008","Maricopa County","1853573","1976306","122733","6.2"
"2008-08-01T00:00:00.000","August","2008","Mesa","219100","232373","13273","5.7"
"2008-08-01T00:00:00.000","August","2008","Phoenix","732298","790048","57750","7.3"
"2008-08-01T00:00:00.000","August","2008","Tempe","99355","105065","5710","5.4"
"2008-08-01T00:00:00.000","August","2008","Tucson","240009","258924","18915","7.3"
"2008-09-01T00:00:00.000","September","2008","Chandler","131463","138236","6773","4.9"
"2008-09-01T00:00:00.000","September","2008","Gilbert","113429","117699","4270","3.6"
"2008-09-01T00:00:00.000","September","2008","Maricopa County","1858974","1984958","125984","6.3"
"2008-09-01T00:00:00.000","September","2008","Mesa","219738","233363","13625","5.8"
"2008-09-01T00:00:00.000","September","2008","Phoenix","734432","793712","59280","7.5"
"2008-09-01T00:00:00.000","September","2008","Tempe","99645","105506","5861","5.6"
"2008-09-01T00:00:00.000","September","2008","Tucson","242452","261835","19383","7.4"
"2008-10-01T00:00:00.000","October","2008","Chandler","131887","138754","6867","4.9"
"2008-10-01T00:00:00.000","October","2008","Gilbert","113798","118126","4328","3.7"
"2008-10-01T00:00:00.000","October","2008","Maricopa County","1864993","1992750","127757","6.4"
"2008-10-01T00:00:00.000","October","2008","Mesa","220451","234268","13817","5.9"
"2008-10-01T00:00:00.000","October","2008","Phoenix","736810","796924","60114","7.5"
"2008-10-01T00:00:00.000","October","2008","Tempe","99968","105913","5945","5.6"
"2008-10-01T00:00:00.000","October","2008","Tucson","243672","263198","19526","7.4"
"2008-11-01T00:00:00.000","November","2008","Chandler","131587","138672","7085","5.1"
"2008-11-01T00:00:00.000","November","2008","Gilbert","113537","118003","4466","3.8"
"2008-11-01T00:00:00.000","November","2008","Maricopa County","1860744","1992556","131812","6.6"
"2008-11-01T00:00:00.000","November","2008","Mesa","219947","234202","14255","6.1"
"2008-11-01T00:00:00.000","November","2008","Phoenix","735132","797155","62023","7.8"
"2008-11-01T00:00:00.000","November","2008","Tempe","99738","105871","6133","5.8"
"2008-11-01T00:00:00.000","November","2008","Tucson","242456","262204","19748","7.5"
"2008-12-01T00:00:00.000","December","2008","Chandler","130544","138127","7583","5.5"
"2008-12-01T00:00:00.000","December","2008","Gilbert","112637","117417","4780","4.1"
"2008-12-01T00:00:00.000","December","2008","Maricopa County","1845996","1987087","141091","7.1"
"2008-12-01T00:00:00.000","December","2008","Mesa","218205","233464","15259","6.5"
"2008-12-01T00:00:00.000","December","2008","Phoenix","729304","795694","66390","8.3"
"2008-12-01T00:00:00.000","December","2008","Tempe","98948","105514","6566","6.2"
"2008-12-01T00:00:00.000","December","2008","Tucson","242118","263276","21158","8.0"
"2009-01-01T00:00:00.000","January","2009","Chandler","127595","135778","8183","6.0"
"2009-01-01T00:00:00.000","January","2009","Gilbert","111796","117035","5239","4.5"
"2009-01-01T00:00:00.000","January","2009","Maricopa County","1816819","1970143","153324","7.8"
"2009-01-01T00:00:00.000","January","2009","Mesa","212807","229239","16432","7.2"
"2009-01-01T00:00:00.000","January","2009","Phoenix","716884","788939","72055","9.1"
"2009-01-01T00:00:00.000","January","2009","Tempe","97357","104489","7132","6.8"
"2009-01-01T00:00:00.000","January","2009","Tucson","238713","260984","22271","8.5"
"2009-02-01T00:00:00.000","February","2009","Chandler","127487","135874","8387","6.2"
"2009-02-01T00:00:00.000","February","2009","Gilbert","111699","117067","5368","4.6"
"2009-02-01T00:00:00.000","February","2009","Maricopa County","1815263","1972382","157119","8.0"
"2009-02-01T00:00:00.000","February","2009","Mesa","212626","229465","16839","7.3"
"2009-02-01T00:00:00.000","February","2009","Phoenix","716270","790109","73839","9.3"
"2009-02-01T00:00:00.000","February","2009","Tempe","97272","104580","7308","7.0"
"2009-02-01T00:00:00.000","February","2009","Tucson","239074","261963","22889","8.7"
"2009-03-01T00:00:00.000","March","2009","Chandler","126864","135529","8665","6.4"
"2009-03-01T00:00:00.000","March","2009","Gilbert","111154","116701","5547","4.8"
"2009-03-01T00:00:00.000","March","2009","Maricopa County","1806393","1968742","162349","8.2"
"2009-03-01T00:00:00.000","March","2009","Mesa","211588","228988","17400","7.6"
"2009-03-01T00:00:00.000","March","2009","Phoenix","712771","789067","76296","9.7"
"2009-03-01T00:00:00.000","March","2009","Tempe","96798","104349","7551","7.2"
"2009-03-01T00:00:00.000","March","2009","Tucson","237479","261056","23577","9.0"
"2009-04-01T00:00:00.000","April","2009","Chandler","127157","135724","8567","6.3"
"2009-04-01T00:00:00.000","April","2009","Gilbert","111410","116894","5484","4.7"
"2009-04-01T00:00:00.000","April","2009","Maricopa County","1810570","1971056","160486","8.1"
"2009-04-01T00:00:00.000","April","2009","Mesa","212076","229275","17199","7.5"
"2009-04-01T00:00:00.000","April","2009","Phoenix","714421","789842","75421","9.5"
"2009-04-01T00:00:00.000","April","2009","Tempe","97021","104486","7465","7.1"
"2009-04-01T00:00:00.000","April","2009","Tucson","238169","261394","23225","8.9"
"2009-05-01T00:00:00.000","May","2009","Chandler","126153","135012","8859","6.6"
"2009-05-01T00:00:00.000","May","2009","Gilbert","110529","116199","5670","4.9"
"2009-05-01T00:00:00.000","May","2009","Maricopa County","1796271","1962230","165959","8.5"
"2009-05-01T00:00:00.000","May","2009","Mesa","210402","228188","17786","7.8"
"2009-05-01T00:00:00.000","May","2009","Phoenix","708776","786768","77992","9.9"
"2009-05-01T00:00:00.000","May","2009","Tempe","96255","103975","7720","7.4"
"2009-05-01T00:00:00.000","May","2009","Tucson","237017","261041","24024","9.2"
"2009-06-01T00:00:00.000","June","2009","Chandler","125842","135622","9780","7.2"
"2009-06-01T00:00:00.000","June","2009","Gilbert","110259","116519","6260","5.4"
"2009-06-01T00:00:00.000","June","2009","Maricopa County","1791838","1975040","183202","9.3"
"2009-06-01T00:00:00.000","June","2009","Mesa","209881","229515","19634","8.6"
"2009-06-01T00:00:00.000","June","2009","Phoenix","707028","793123","86095","10.9"
"2009-06-01T00:00:00.000","June","2009","Tempe","96018","104540","8522","8.2"
"2009-06-01T00:00:00.000","June","2009","Tucson","235826","262860","27034","10.3"
"2009-07-01T00:00:00.000","July","2009","Chandler","125160","135269","10109","7.5"
"2009-07-01T00:00:00.000","July","2009","Gilbert","109662","116131","6469","5.6"
"2009-07-01T00:00:00.000","July","2009","Maricopa County","1782145","1971520","189375","9.6"
"2009-07-01T00:00:00.000","July","2009","Phoenix","703203","792200","88997","11.2"
"2009-07-01T00:00:00.000","July","2009","Tempe","95499","104308","8809","8.4"
"2009-07-01T00:00:00.000","July","2009","Tucson","236576","264726","28150","10.6"
"2009-08-01T00:00:00.000","August","2009","Chandler","124187","134698","10511","7.8"
"2009-08-01T00:00:00.000","August","2009","Gilbert","108809","115537","6728","5.8"
"2009-08-01T00:00:00.000","August","2009","Maricopa County","1768270","1965177","196907","10.0"
"2009-08-01T00:00:00.000","August","2009","Mesa","207122","228224","21102","9.2"
"2009-08-01T00:00:00.000","August","2009","Phoenix","697728","790264","92536","11.7"
"2009-08-01T00:00:00.000","August","2009","Tempe","94755","103915","9160","8.8"
"2009-08-01T00:00:00.000","August","2009","Tucson","236004","264764","28760","10.9"
"2009-09-01T00:00:00.000","September","2009","Chandler","124008","134640","10632","7.9"
"2009-09-01T00:00:00.000","September","2009","Gilbert","108651","115455","6804","5.9"
"2009-09-01T00:00:00.000","September","2009","Maricopa County","1765722","1964881","199159","10.1"
"2009-09-01T00:00:00.000","September","2009","Mesa","206823","228166","21343","9.4"
"2009-09-01T00:00:00.000","September","2009","Phoenix","696723","790318","93595","11.8"
"2009-09-01T00:00:00.000","September","2009","Tempe","94618","103882","9264","8.9"
"2009-09-01T00:00:00.000","September","2009","Tucson","235430","264414","28984","11.0"
"2009-10-01T00:00:00.000","October","2009","Chandler","124003","134597","10594","7.9"
"2009-10-01T00:00:00.000","October","2009","Gilbert","108647","115429","6782","5.9"
"2009-10-01T00:00:00.000","October","2009","Maricopa County","1765671","1964157","198486","10.1"
"2009-10-01T00:00:00.000","October","2009","Mesa","206818","228090","21272","9.3"
"2009-10-01T00:00:00.000","October","2009","Phoenix","696703","789981","93278","11.8"
"2009-10-01T00:00:00.000","October","2009","Tempe","94614","103848","9234","8.9"
"2009-10-01T00:00:00.000","October","2009","Tucson","235030","263896","28866","10.9"
"2009-11-01T00:00:00.000","November","2009","Chandler","124503","134842","10339","7.7"
"2009-11-01T00:00:00.000","November","2009","Gilbert","109085","115702","6617","5.7"
"2009-11-01T00:00:00.000","November","2009","Maricopa County","1772785","1966469","193684","9.8"
"2009-11-01T00:00:00.000","November","2009","Mesa","207651","228407","20756","9.1"
"2009-11-01T00:00:00.000","November","2009","Phoenix","699510","790533","91023","11.5"
"2009-11-01T00:00:00.000","November","2009","Tempe","94996","104004","9008","8.7"
"2009-11-01T00:00:00.000","November","2009","Tucson","235601","263802","28201","10.7"
"2009-12-01T00:00:00.000","December","2009","Chandler","123377","133559","10182","7.6"
"2009-12-01T00:00:00.000","December","2009","Gilbert","108098","114615","6517","5.7"
"2009-12-01T00:00:00.000","December","2009","Maricopa County","1756741","1947490","190749","9.8"
"2009-12-01T00:00:00.000","December","2009","Mesa","205771","226213","20442","9.0"
"2009-12-01T00:00:00.000","December","2009","Phoenix","693179","782821","89642","11.5"
"2009-12-01T00:00:00.000","December","2009","Tempe","94137","103009","8872","8.6"
"2009-12-01T00:00:00.000","December","2009","Tucson","233824","261551","27727","10.6"
"2010-01-01T00:00:00.000","January","2010","Chandler","122894","133879","10985","8.2"
"2010-01-01T00:00:00.000","January","2010","Gilbert","105375","113367","7992","7.0"
"2010-01-01T00:00:00.000","January","2010","Maricopa County","1733036","1932568","199532","10.3"
"2010-01-01T00:00:00.000","January","2010","Mesa","196118","219128","23010","10.5"
"2010-01-01T00:00:00.000","January","2010","Phoenix","655224","739720","84496","11.4"
"2010-01-01T00:00:00.000","January","2010","Tempe","87757","97825","10068","10.3"
"2010-01-01T00:00:00.000","January","2010","Tucson","235860","266197","30337","11.4"
"2010-02-01T00:00:00.000","February","2010","Chandler","123266","133892","10626","7.9"
"2010-02-01T00:00:00.000","February","2010","Gilbert","105694","113425","7731","6.8"
"2010-02-01T00:00:00.000","February","2010","Maricopa County","1738282","1931288","193006","10.0"
"2010-02-01T00:00:00.000","February","2010","Mesa","196711","218968","22257","10.2"
"2010-02-01T00:00:00.000","February","2010","Phoenix","657207","738939","81732","11.1"
"2010-02-01T00:00:00.000","February","2010","Tempe","88022","97761","9739","10.0"
"2010-02-01T00:00:00.000","February","2010","Tucson","238019","266984","28965","10.8"
"2010-03-01T00:00:00.000","March","2010","Chandler","123494","133823","10329","7.7"
"2010-03-01T00:00:00.000","March","2010","Gilbert","105889","113404","7515","6.6"
"2010-03-01T00:00:00.000","March","2010","Maricopa County","1741490","1929097","187607","9.7"
"2010-03-01T00:00:00.000","March","2010","Mesa","197075","218710","21635","9.9"
"2010-03-01T00:00:00.000","March","2010","Phoenix","658420","737866","79446","10.8"
"2010-03-01T00:00:00.000","March","2010","Tempe","88185","97651","9466","9.7"
"2010-03-01T00:00:00.000","March","2010","Tucson","236212","264268","28056","10.6"
"2010-04-01T00:00:00.000","April","2010","Chandler","124400","134299","9899","7.4"
"2010-04-01T00:00:00.000","April","2010","Gilbert","106666","113868","7202","6.3"
"2010-04-01T00:00:00.000","April","2010","Maricopa County","1754267","1934060","179793","9.3"
"2010-04-01T00:00:00.000","April","2010","Mesa","198520","219254","20734","9.5"
"2010-04-01T00:00:00.000","April","2010","Phoenix","663251","739388","76137","10.3"
"2010-04-01T00:00:00.000","April","2010","Tempe","88832","97904","9072","9.3"
"2010-04-01T00:00:00.000","April","2010","Tucson","238478","265511","27033","10.2"
"2010-05-01T00:00:00.000","May","2010","Chandler","123656","133344","9688","7.3"
"2010-05-01T00:00:00.000","May","2010","Gilbert","106028","113076","7048","6.2"
"2010-05-01T00:00:00.000","May","2010","Maricopa County","1743774","1919735","175961","9.2"
"2010-05-01T00:00:00.000","May","2010","Mesa","197333","217625","20292","9.3"
"2010-05-01T00:00:00.000","May","2010","Phoenix","659284","733798","74514","10.2"
"2010-05-01T00:00:00.000","May","2010","Tempe","88300","97179","8879","9.1"
"2010-05-01T00:00:00.000","May","2010","Tucson","236951","263447","26496","10.1"
"2010-06-01T00:00:00.000","June","2010","Chandler","123160","133291","10131","7.6"
"2010-06-01T00:00:00.000","June","2010","Gilbert","105603","112974","7371","6.5"
"2010-06-01T00:00:00.000","June","2010","Maricopa County","1736779","1920790","184011","9.6"
"2010-06-01T00:00:00.000","June","2010","Mesa","196541","217761","21220","9.7"
"2010-06-01T00:00:00.000","June","2010","Phoenix","656639","734562","77923","10.6"
"2010-06-01T00:00:00.000","June","2010","Tempe","87946","97231","9285","9.5"
"2010-06-01T00:00:00.000","June","2010","Tucson","234156","262162","28006","10.7"
"2010-07-01T00:00:00.000","July","2010","Chandler","122445","132747","10302","7.8"
"2010-07-01T00:00:00.000","July","2010","Gilbert","104990","112485","7495","6.7"
"2010-07-01T00:00:00.000","July","2010","Maricopa County","1726699","1913816","187117","9.8"
"2010-07-01T00:00:00.000","July","2010","Mesa","195401","216979","21578","9.9"
"2010-07-01T00:00:00.000","July","2010","Phoenix","652828","732066","79238","10.8"
"2010-07-01T00:00:00.000","July","2010","Tempe","87436","96878","9442","9.7"
"2010-07-01T00:00:00.000","July","2010","Tucson","233167","261927","28760","11.0"
"2010-08-01T00:00:00.000","August","2010","Chandler","122450","132805","10355","7.8"
"2010-08-01T00:00:00.000","August","2010","Gilbert","104994","112528","7534","6.7"
"2010-08-01T00:00:00.000","August","2010","Maricopa County","1726774","1914857","188083","9.8"
"2010-08-01T00:00:00.000","August","2010","Mesa","195409","217099","21690","10.0"
"2010-08-01T00:00:00.000","August","2010","Phoenix","652856","732504","79648","10.9"
"2010-08-01T00:00:00.000","August","2010","Tempe","87439","96929","9490","9.8"
"2010-08-01T00:00:00.000","August","2010","Tucson","234589","263080","28491","10.8"
"2010-09-01T00:00:00.000","September","2010","Chandler","122916","132969","10053","7.6"
"2010-09-01T00:00:00.000","September","2010","Gilbert","105394","112708","7314","6.5"
"2010-09-01T00:00:00.000","September","2010","Maricopa County","1733342","1915936","182594","9.5"
"2010-09-01T00:00:00.000","September","2010","Mesa","196152","217209","21057","9.7"
"2010-09-01T00:00:00.000","September","2010","Phoenix","655340","732663","77323","10.6"
"2010-09-01T00:00:00.000","September","2010","Tempe","87772","96985","9213","9.5"
"2010-09-01T00:00:00.000","September","2010","Tucson","235411","263071","27660","10.5"
"2010-10-01T00:00:00.000","October","2010","Chandler","123043","132649","9606","7.2"
"2010-10-01T00:00:00.000","October","2010","Gilbert","105502","112491","6989","6.2"
"2010-10-01T00:00:00.000","October","2010","Maricopa County","1735130","1909612","174482","9.1"
"2010-10-01T00:00:00.000","October","2010","Mesa","196355","216476","20121","9.3"
"2010-10-01T00:00:00.000","October","2010","Phoenix","656016","729904","73888","10.1"
"2010-10-01T00:00:00.000","October","2010","Tempe","87863","96667","8804","9.1"
"2010-10-01T00:00:00.000","October","2010","Tucson","233527","259691","26164","10.1"
"2010-11-01T00:00:00.000","November","2010","Chandler","123097","132701","9604","7.2"
"2010-11-01T00:00:00.000","November","2010","Gilbert","105549","112537","6988","6.2"
"2010-11-01T00:00:00.000","November","2010","Maricopa County","1735892","1910339","174447","9.1"
"2010-11-01T00:00:00.000","November","2010","Mesa","196441","216558","20117","9.3"
"2010-11-01T00:00:00.000","November","2010","Phoenix","656304","730177","73873","10.1"
"2010-11-01T00:00:00.000","November","2010","Tempe","87901","96703","8802","9.1"
"2010-11-01T00:00:00.000","November","2010","Tucson","233571","259867","26296","10.1"
"2010-12-01T00:00:00.000","December","2010","Chandler","123083","132292","9209","7.0"
"2010-12-01T00:00:00.000","December","2010","Gilbert","105537","112237","6700","6.0"
"2010-12-01T00:00:00.000","December","2010","Maricopa County","1735702","1902977","167275","8.8"
"2010-12-01T00:00:00.000","December","2010","Mesa","196420","215710","19290","8.9"
"2010-12-01T00:00:00.000","December","2010","Phoenix","656232","727068","70836","9.7"
"2010-12-01T00:00:00.000","December","2010","Tempe","87892","96332","8440","8.8"
"2010-12-01T00:00:00.000","December","2010","Tucson","233493","258756","25263","9.8"
"2011-01-01T00:00:00.000","January","2011","Chandler","122643","132707","10064","7.6"
"2011-01-01T00:00:00.000","January","2011","Gilbert","106052","113825","7773","6.8"
"2011-01-01T00:00:00.000","January","2011","Maricopa County","1727636","1900944","173308","9.1"
"2011-01-01T00:00:00.000","January","2011","Mesa","195228","215365","20137","9.4"
"2011-01-01T00:00:00.000","January","2011","Phoenix","652140","721477","69337","9.6"
"2011-01-01T00:00:00.000","January","2011","Tempe","87393","95380","7987","8.4"
"2011-01-01T00:00:00.000","January","2011","Tucson","231580","256072","24492","9.6"
"2011-02-01T00:00:00.000","February","2011","Chandler","122943","132605","9662","7.3"
"2011-02-01T00:00:00.000","February","2011","Gilbert","106311","113879","7568","6.6"
"2011-02-01T00:00:00.000","February","2011","Maricopa County","1731861","1897314","165453","8.7"
"2011-02-01T00:00:00.000","February","2011","Mesa","195705","214720","19015","8.9"
"2011-02-01T00:00:00.000","February","2011","Phoenix","653735","719917","66182","9.2"
"2011-02-01T00:00:00.000","February","2011","Tempe","87607","95277","7670","8.1"
"2011-02-01T00:00:00.000","February","2011","Tucson","233238","256562","23324","9.1"
"2011-03-01T00:00:00.000","March","2011","Chandler","123404","132827","9423","7.1"
"2011-03-01T00:00:00.000","March","2011","Gilbert","106710","114009","7299","6.4"
"2011-03-01T00:00:00.000","March","2011","Maricopa County","1738358","1899580","161222","8.5"
"2011-03-01T00:00:00.000","March","2011","Mesa","196439","215010","18571","8.6"
"2011-03-01T00:00:00.000","March","2011","Phoenix","656188","721159","64971","9.0"
"2011-03-01T00:00:00.000","March","2011","Tempe","87935","95309","7374","7.7"
"2011-03-01T00:00:00.000","March","2011","Tucson","232888","255427","22539","8.8"
"2011-04-01T00:00:00.000","April","2011","Chandler","123506","132710","9204","6.9"
"2011-04-01T00:00:00.000","April","2011","Gilbert","106798","113704","6906","6.1"
"2011-04-01T00:00:00.000","April","2011","Maricopa County","1739804","1896239","156435","8.2"
"2011-04-01T00:00:00.000","April","2011","Mesa","196603","214640","18037","8.4"
"2011-04-01T00:00:00.000","April","2011","Phoenix","656734","720255","63521","8.8"
"2011-04-01T00:00:00.000","April","2011","Tempe","88008","95182","7174","7.5"
"2011-04-01T00:00:00.000","April","2011","Tucson","232692","254539","21847","8.6"
"2011-05-01T00:00:00.000","May","2011","Chandler","123130","132036","8906","6.7"
"2011-05-01T00:00:00.000","May","2011","Gilbert","106473","113226","6753","6.0"
"2011-05-01T00:00:00.000","May","2011","Maricopa County","1734504","1886776","152272","8.1"
"2011-05-01T00:00:00.000","May","2011","Mesa","196004","213328","17324","8.1"
"2011-05-01T00:00:00.000","May","2011","Phoenix","654733","716568","61835","8.6"
"2011-05-01T00:00:00.000","May","2011","Tempe","87740","94607","6867","7.3"
"2011-05-01T00:00:00.000","May","2011","Tucson","232055","253483","21428","8.5"
"2011-06-01T00:00:00.000","June","2011","Chandler","122190","132725","10535","7.9"
"2011-06-01T00:00:00.000","June","2011","Gilbert","105660","113981","8321","7.3"
"2011-06-01T00:00:00.000","June","2011","Maricopa County","1721265","1902243","180978","9.5"
"2011-06-01T00:00:00.000","June","2011","Mesa","194508","215290","20782","9.7"
"2011-06-01T00:00:00.000","June","2011","Phoenix","649736","722340","72604","10.1"
"2011-06-01T00:00:00.000","June","2011","Tempe","87071","95490","8419","8.8"
"2011-06-01T00:00:00.000","June","2011","Tucson","228675","254755","26080","10.2"
"2011-07-01T00:00:00.000","July","2011","Chandler","121604","131858","10254","7.8"
"2011-07-01T00:00:00.000","July","2011","Gilbert","105153","113162","8009","7.1"
"2011-07-01T00:00:00.000","July","2011","Maricopa County","1713004","1888559","175555","9.3"
"2011-07-01T00:00:00.000","July","2011","Mesa","193574","213594","20020","9.4"
"2011-07-01T00:00:00.000","July","2011","Phoenix","646617","717582","70965","9.9"
"2011-07-01T00:00:00.000","July","2011","Tempe","86653","94944","8291","8.7"
"2011-07-01T00:00:00.000","July","2011","Tucson","226911","252281","25370","10.1"
"2011-08-01T00:00:00.000","August","2011","Chandler","121828","131830","10002","7.6"
"2011-08-01T00:00:00.000","August","2011","Gilbert","105347","113052","7705","6.8"
"2011-08-01T00:00:00.000","August","2011","Maricopa County","1716161","1886940","170779","9.1"
"2011-08-01T00:00:00.000","August","2011","Mesa","193931","213261","19330","9.1"
"2011-08-01T00:00:00.000","August","2011","Phoenix","647809","717765","69956","9.7"
"2011-08-01T00:00:00.000","August","2011","Tempe","86813","94808","7995","8.4"
"2011-08-01T00:00:00.000","August","2011","Tucson","229797","254267","24470","9.6"
"2011-09-01T00:00:00.000","September","2011","Chandler","122719","132206","9487","7.2"
"2011-09-01T00:00:00.000","September","2011","Gilbert","106117","113574","7457","6.6"
"2011-09-01T00:00:00.000","September","2011","Maricopa County","1728706","1892753","164047","8.7"
"2011-09-01T00:00:00.000","September","2011","Mesa","195348","214175","18827","8.8"
"2011-09-01T00:00:00.000","September","2011","Phoenix","652544","719542","66998","9.3"
"2011-09-01T00:00:00.000","September","2011","Tempe","87447","95089","7642","8.0"
"2011-09-01T00:00:00.000","September","2011","Tucson","231055","254690","23635","9.3"
"2011-10-01T00:00:00.000","October","2011","Chandler","123529","132667","9138","6.9"
"2011-10-01T00:00:00.000","October","2011","Gilbert","106818","113934","7116","6.2"
"2011-10-01T00:00:00.000","October","2011","Maricopa County","1740120","1896705","156585","8.3"
"2011-10-01T00:00:00.000","October","2011","Mesa","196638","214755","18117","8.4"
"2011-10-01T00:00:00.000","October","2011","Phoenix","656853","721044","64191","8.9"
"2011-10-01T00:00:00.000","October","2011","Tempe","88024","95235","7211","7.6"
"2011-10-01T00:00:00.000","October","2011","Tucson","232153","254626","22473","8.8"
"2011-11-01T00:00:00.000","November","2011","Chandler","124118","132548","8430","6.4"
"2011-11-01T00:00:00.000","November","2011","Gilbert","107328","113927","6599","5.8"
"2011-11-01T00:00:00.000","November","2011","Maricopa County","1748423","1893216","144793","7.6"
"2011-11-01T00:00:00.000","November","2011","Mesa","197577","214233","16656","7.8"
"2011-11-01T00:00:00.000","November","2011","Phoenix","659987","719284","59297","8.2"
"2011-11-01T00:00:00.000","November","2011","Tempe","88444","95168","6724","7.1"
