"fiscal_year","county","region","total_pca","federally_funded_title_iv_e","state_paid"
"2021","Anderson","4-Tyler","36","17","19"
"2021","Andrews","9-Midland","2","2","0"
"2021","Angelina","5-Beaumont","46","27","19"
"2021","Aransas","11-Edinburg","3","1","2"
"2021","Atascosa","8-San Antonio","21","19","2"
"2021","Austin","6-Houston","8","3","5"
"2021","Bailey","1-Lubbock","1","1","0"
"2021","Bandera","8-San Antonio","7","3","4"
"2021","Bastrop","7-Austin","13","6","7"
"2021","Bee","11-Edinburg","9","8","1"
"2021","Bell","7-Austin","232","73","159"
"2021","Bexar","8-San Antonio","633","378","255"
"2021","Blanco","7-Austin","8","3","5"
"2021","Bosque","7-Austin","3","1","2"
"2021","Bowie","4-Tyler","6","3","3"
"2021","Brazoria","6-Houston","43","29","14"
"2021","Brazos","7-Austin","19","8","11"
"2021","Brown","2-Abilene","36","26","10"
"2021","Burleson","7-Austin","15","4","11"
"2021","Burnet","7-Austin","30","7","23"
"2021","Caldwell","7-Austin","7","7","0"
"2021","Calhoun","8-San Antonio","9","3","6"
"2021","Callahan","2-Abilene","3","3","0"
"2021","Cameron","11-Edinburg","154","116","38"
"2021","Camp","4-Tyler","9","4","5"
"2021","Cass","4-Tyler","6","3","3"
"2021","Chambers","6-Houston","13","12","1"
"2021","Cherokee","4-Tyler","11","10","1"
"2021","Cochran","1-Lubbock","1","0","1"
"2021","Coleman","2-Abilene","10","5","5"
"2021","Collin","3-Arlington","117","72","45"
"2021","Colorado","6-Houston","1","1","0"
"2021","Comal","8-San Antonio","66","50","16"
"2021","Comanche","2-Abilene","7","5","2"
"2021","Cooke","3-Arlington","14","9","5"
"2021","Coryell","7-Austin","37","22","15"
"2021","Crockett","9-Midland","2","2","0"
"2021","Crosby","1-Lubbock","2","1","1"
"2021","Dallas","3-Arlington","1336","897","439"
"2021","DeWitt","8-San Antonio","3","3","0"
"2021","Denton","3-Arlington","61","35","26"
"2021","Dimmit","8-San Antonio","9","6","3"
"2021","Eastland","2-Abilene","9","8","1"
"2021","Ector","9-Midland","18","15","3"
"2021","Edwards","8-San Antonio","3","0","3"
"2021","El Paso","10-El Paso","57","45","12"
"2021","Erath","3-Arlington","2","1","1"
"2021","Falls","7-Austin","7","2","5"
"2021","Fannin","3-Arlington","16","15","1"
"2021","Fayette","7-Austin","9","0","9"
"2021","Floyd","1-Lubbock","1","1","0"
"2021","Foard","2-Abilene","3","0","3"
"2021","Fort Bend","6-Houston","67","38","29"
"2021","Franklin","4-Tyler","4","4","0"
"2021","Freestone","7-Austin","3","1","2"
"2021","Frio","8-San Antonio","7","7","0"
"2021","Galveston","6-Houston","84","57","27"
"2021","Gillespie","8-San Antonio","8","4","4"
"2021","Gonzales","8-San Antonio","8","4","4"
"2021","Gray","1-Lubbock","5","5","0"
"2021","Grayson","3-Arlington","43","34","9"
"2021","Gregg","4-Tyler","51","29","22"
"2021","Grimes","7-Austin","1","0","1"
"2021","Guadalupe","8-San Antonio","59","33","26"
"2021","Hale","1-Lubbock","9","7","2"
"2021","Hall","1-Lubbock","3","3","0"
"2021","Hamilton","7-Austin","6","0","6"
"2021","Hardeman","2-Abilene","5","5","0"
"2021","Hardin","5-Beaumont","6","5","1"
"2021","Harris","6-Houston","586","412","174"
"2021","Harrison","4-Tyler","33","30","3"
"2021","Haskell","2-Abilene","4","4","0"
"2021","Hays","7-Austin","42","9","33"
"2021","Hemphill","1-Lubbock","1","1","0"
"2021","Henderson","4-Tyler","38","14","24"
"2021","Hidalgo","11-Edinburg","122","97","25"
"2021","Hill","7-Austin","5","0","5"
"2021","Hockley","1-Lubbock","5","4","1"
"2021","Hood","3-Arlington","19","12","7"
"2021","Hopkins","4-Tyler","3","3","0"
"2021","Houston","5-Beaumont","19","12","7"
"2021","Howard","9-Midland","7","5","2"
"2021","Hunt","3-Arlington","24","15","9"
"2021","Irion","9-Midland","1","1","0"
"2021","Jack","2-Abilene","7","3","4"
"2021","Jackson","8-San Antonio","4","2","2"
"2021","Jasper","5-Beaumont","21","13","8"
"2021","Jefferson","5-Beaumont","35","22","13"
"2021","Jim Wells","11-Edinburg","19","9","10"
"2021","Johnson","3-Arlington","15","5","10"
"2021","Jones","2-Abilene","4","4","0"
"2021","Karnes","8-San Antonio","3","2","1"
"2021","Kaufman","3-Arlington","4","0","4"
"2021","Kendall","8-San Antonio","2","1","1"
"2021","Kerr","8-San Antonio","10","4","6"
"2021","Kimble","9-Midland","1","1","0"
"2021","Kleberg","11-Edinburg","13","9","4"
"2021","Lamar","4-Tyler","20","8","12"
"2021","Lamb","1-Lubbock","4","2","2"
"2021","Lampasas","7-Austin","8","1","7"
"2021","Lavaca","8-San Antonio","4","3","1"
"2021","Lee","7-Austin","12","7","5"
"2021","Liberty","6-Houston","62","47","15"
"2021","Limestone","7-Austin","6","5","1"
"2021","Live Oak","11-Edinburg","1","0","1"
"2021","Llano","7-Austin","11","2","9"
"2021","Lubbock","1-Lubbock","34","27","7"
"2021","Madison","7-Austin","1","0","1"
"2021","Marion","4-Tyler","3","3","0"
"2021","Matagorda","6-Houston","19","12","7"
"2021","Maverick","8-San Antonio","5","4","1"
"2021","McCulloch","9-Midland","2","1","1"
"2021","McLennan","7-Austin","69","30","39"
"2021","Medina","8-San Antonio","17","8","9"
"2021","Midland","9-Midland","18","13","5"
"2021","Milam","7-Austin","9","5","4"
"2021","Mills","7-Austin","12","5","7"
"2021","Montague","2-Abilene","28","26","2"
"2021","Montgomery","6-Houston","147","90","57"
"2021","Morris","4-Tyler","9","8","1"
"2021","Nacogdoches","5-Beaumont","53","39","14"
"2021","Newton","5-Beaumont","7","6","1"
"2021","Nolan","2-Abilene","7","7","0"
"2021","Nueces","11-Edinburg","102","52","50"
"2021","Orange","5-Beaumont","27","11","16"
"2021","Palo Pinto","3-Arlington","23","10","13"
"2021","Panola","4-Tyler","5","5","0"
"2021","Parker","3-Arlington","26","14","12"
"2021","Pecos","9-Midland","7","7","0"
"2021","Polk","5-Beaumont","13","10","3"
"2021","Potter","1-Lubbock","6","4","2"
"2021","Randall","1-Lubbock","10","6","4"
"2021","Red River","4-Tyler","5","3","2"
"2021","Robertson","7-Austin","2","0","2"
"2021","Rockwall","3-Arlington","10","3","7"
"2021","Runnels","2-Abilene","6","6","0"
"2021","Rusk","4-Tyler","22","13","9"
"2021","Sabine","5-Beaumont","6","6","0"
"2021","San Augustine","5-Beaumont","6","1","5"
"2021","San Jacinto","5-Beaumont","6","6","0"
"2021","San Patricio","11-Edinburg","6","1","5"
"2021","San Saba","7-Austin","5","0","5"
"2021","Schleicher","9-Midland","3","3","0"
"2021","Scurry","2-Abilene","16","13","3"
"2021","Shelby","5-Beaumont","14","11","3"
"2021","Smith","4-Tyler","136","55","81"
"2021","Somervell","3-Arlington","1","1","0"
"2021","Starr","11-Edinburg","5","2","3"
"2021","Stephens","2-Abilene","4","4","0"
"2021","Sutton","9-Midland","2","1","1"
"2021","Tarrant","3-Arlington","246","155","91"
"2021","Taylor","2-Abilene","105","74","31"
"2021","Titus","4-Tyler","12","7","5"
"2021","Tom Green","9-Midland","46","27","19"
"2021","Travis","7-Austin","197","68","129"
"2021","Trinity","5-Beaumont","10","5","5"
"2021","Tyler","5-Beaumont","12","6","6"
"2021","Upshur","4-Tyler","30","21","9"
"2021","Uvalde","8-San Antonio","10","9","1"
"2021","Val Verde","8-San Antonio","5","4","1"
"2021","Van Zandt","4-Tyler","3","2","1"
"2021","Victoria","8-San Antonio","15","7","8"
"2021","Walker","6-Houston","25","23","2"
"2021","Waller","6-Houston","35","25","10"
"2021","Washington","7-Austin","11","5","6"
"2021","Webb","11-Edinburg","35","22","13"
"2021","Wharton","6-Houston","27","11","16"
"2021","Wheeler","1-Lubbock","1","0","1"
"2021","Wichita","2-Abilene","114","102","12"
"2021","Wilbarger","2-Abilene","3","3","0"
"2021","Willacy","11-Edinburg","14","14","0"
"2021","Williamson","7-Austin","89","24","65"
"2021","Wilson","8-San Antonio","11","9","2"
"2021","Wise","3-Arlington","10","6","4"
"2021","Wood","4-Tyler","1","1","0"
"2021","Young","2-Abilene","12","9","3"
"2021","Zapata","11-Edinburg","13","7","6"
"2021","Zavala","8-San Antonio","6","5","1"
"2020","Anderson","4-Tyler","32","17","15"
"2020","Andrews","9-Midland","2","2","0"
"2020","Angelina","5-Beaumont","45","25","20"
"2020","Aransas","11-Edinburg","3","1","2"
"2020","Atascosa","8-San Antonio","12","12","0"
"2020","Austin","6-Houston","8","3","5"
"2020","Bailey","1-Lubbock","1","1","0"
"2020","Bandera","8-San Antonio","7","3","4"
"2020","Bastrop","7-Austin","12","5","7"
"2020","Bee","11-Edinburg","10","9","1"
"2020","Bell","7-Austin","184","45","139"
"2020","Bexar","8-San Antonio","554","333","221"
"2020","Blanco","7-Austin","8","3","5"
"2020","Bosque","7-Austin","3","1","2"
"2020","Bowie","4-Tyler","7","3","4"
"2020","Brazoria","6-Houston","39","26","13"
"2020","Brazos","7-Austin","18","9","9"
"2020","Brown","2-Abilene","29","19","10"
"2020","Burleson","7-Austin","6","4","2"
"2020","Burnet","7-Austin","25","5","20"
"2020","Caldwell","7-Austin","6","6","0"
"2020","Calhoun","8-San Antonio","9","3","6"
"2020","Callahan","2-Abilene","3","3","0"
"2020","Cameron","11-Edinburg","127","93","34"
"2020","Camp","4-Tyler","8","3","5"
"2020","Cass","4-Tyler","6","3","3"
"2020","Chambers","6-Houston","11","10","1"
"2020","Cherokee","4-Tyler","7","6","1"
"2020","Coleman","2-Abilene","13","7","6"
"2020","Collin","3-Arlington","108","68","40"
"2020","Colorado","6-Houston","1","1","0"
"2020","Comal","8-San Antonio","67","51","16"
"2020","Comanche","2-Abilene","7","5","2"
"2020","Cooke","3-Arlington","15","10","5"
"2020","Coryell","7-Austin","30","22","8"
"2020","Crockett","9-Midland","2","2","0"
"2020","Dallas","3-Arlington","1213","824","389"
"2020","Dawson","9-Midland","1","1","0"
"2020","DeWitt","8-San Antonio","3","3","0"
"2020","Denton","3-Arlington","50","32","18"
"2020","Dimmit","8-San Antonio","3","0","3"
"2020","Eastland","2-Abilene","9","8","1"
"2020","Ector","9-Midland","18","15","3"
"2020","Edwards","8-San Antonio","3","0","3"
"2020","El Paso","10-El Paso","57","45","12"
"2020","Erath","3-Arlington","1","0","1"
"2020","Falls","7-Austin","7","2","5"
"2020","Fannin","3-Arlington","17","16","1"
"2020","Fayette","7-Austin","8","0","8"
"2020","Foard","2-Abilene","3","0","3"
"2020","Fort Bend","6-Houston","71","41","30"
"2020","Franklin","4-Tyler","5","5","0"
"2020","Freestone","7-Austin","3","1","2"
"2020","Frio","8-San Antonio","7","7","0"
"2020","Galveston","6-Houston","65","44","21"
"2020","Gillespie","8-San Antonio","9","4","5"
"2020","Gonzales","8-San Antonio","8","4","4"
"2020","Gray","1-Lubbock","5","5","0"
"2020","Grayson","3-Arlington","37","33","4"
"2020","Gregg","4-Tyler","46","29","17"
"2020","Grimes","7-Austin","1","0","1"
"2020","Guadalupe","8-San Antonio","49","30","19"
"2020","Hale","1-Lubbock","3","3","0"
"2020","Hall","1-Lubbock","3","3","0"
"2020","Hamilton","7-Austin","6","0","6"
"2020","Hardeman","2-Abilene","5","5","0"
"2020","Hardin","5-Beaumont","4","3","1"
"2020","Harris","6-Houston","529","376","153"
"2020","Harrison","4-Tyler","28","24","4"
"2020","Haskell","2-Abilene","4","4","0"
"2020","Hays","7-Austin","28","8","20"
"2020","Hemphill","1-Lubbock","1","1","0"
"2020","Henderson","4-Tyler","28","11","17"
"2020","Hidalgo","11-Edinburg","109","87","22"
"2020","Hill","7-Austin","6","0","6"
"2020","Hockley","1-Lubbock","3","3","0"
"2020","Hood","3-Arlington","19","12","7"
"2020","Hopkins","4-Tyler","3","3","0"
"2020","Houston","5-Beaumont","17","10","7"
"2020","Howard","9-Midland","8","6","2"
"2020","Hunt","3-Arlington","22","13","9"
"2020","Irion","9-Midland","1","1","0"
"2020","Jack","2-Abilene","7","3","4"
"2020","Jackson","8-San Antonio","2","2","0"
"2020","Jasper","5-Beaumont","17","11","6"
"2020","Jefferson","5-Beaumont","36","23","13"
"2020","Jim Wells","11-Edinburg","18","8","10"
"2020","Johnson","3-Arlington","9","3","6"
"2020","Jones","2-Abilene","1","1","0"
"2020","Karnes","8-San Antonio","3","2","1"
"2020","Kendall","8-San Antonio","3","1","2"
"2020","Kerr","8-San Antonio","11","4","7"
"2020","Kimble","9-Midland","1","1","0"
"2020","Kleberg","11-Edinburg","11","10","1"
"2020","La Salle","8-San Antonio","1","0","1"
"2020","Lamar","4-Tyler","19","7","12"
"2020","Lamb","1-Lubbock","3","3","0"
"2020","Lampasas","7-Austin","4","1","3"
"2020","Lavaca","8-San Antonio","6","4","2"
"2020","Lee","7-Austin","10","7","3"
"2020","Liberty","6-Houston","67","50","17"
"2020","Limestone","7-Austin","5","5","0"
"2020","Live Oak","11-Edinburg","2","0","2"
"2020","Llano","7-Austin","10","2","8"
"2020","Lubbock","1-Lubbock","35","29","6"
"2020","Madison","7-Austin","1","0","1"
"2020","Marion","4-Tyler","3","3","0"
"2020","Matagorda","6-Houston","17","10","7"
"2020","Maverick","8-San Antonio","5","4","1"
"2020","McCulloch","9-Midland","2","1","1"
"2020","McLennan","7-Austin","41","20","21"
"2020","Medina","8-San Antonio","18","9","9"
"2020","Midland","9-Midland","20","16","4"
"2020","Milam","7-Austin","8","5","3"
"2020","Mills","7-Austin","12","5","7"
"2020","Montague","2-Abilene","28","26","2"
"2020","Montgomery","6-Houston","137","84","53"
"2020","Morris","4-Tyler","9","8","1"
"2020","Nacogdoches","5-Beaumont","45","31","14"
"2020","Newton","5-Beaumont","7","6","1"
"2020","Nolan","2-Abilene","6","6","0"
"2020","Nueces","11-Edinburg","107","52","55"
"2020","Orange","5-Beaumont","24","8","16"
"2020","Palo Pinto","3-Arlington","20","10","10"
"2020","Panola","4-Tyler","4","4","0"
"2020","Parker","3-Arlington","21","12","9"
"2020","Pecos","9-Midland","6","6","0"
"2020","Polk","5-Beaumont","13","10","3"
"2020","Potter","1-Lubbock","8","6","2"
"2020","Randall","1-Lubbock","17","10","7"
"2020","Red River","4-Tyler","5","3","2"
"2020","Rockwall","3-Arlington","8","2","6"
"2020","Runnels","2-Abilene","5","5","0"
"2020","Rusk","4-Tyler","20","11","9"
"2020","Sabine","5-Beaumont","6","6","0"
"2020","San Augustine","5-Beaumont","6","1","5"
"2020","San Jacinto","5-Beaumont","6","6","0"
"2020","San Patricio","11-Edinburg","2","0","2"
"2020","San Saba","7-Austin","5","0","5"
"2020","Schleicher","9-Midland","2","2","0"
"2020","Scurry","2-Abilene","16","13","3"
"2020","Shelby","5-Beaumont","14","11","3"
"2020","Smith","4-Tyler","132","50","82"
"2020","Somervell","3-Arlington","1","1","0"
"2020","Starr","11-Edinburg","3","0","3"
"2020","Stephens","2-Abilene","4","4","0"
"2020","Sutton","9-Midland","1","0","1"
"2020","Tarrant","3-Arlington","230","147","83"
"2020","Taylor","2-Abilene","96","72","24"
"2020","Titus","4-Tyler","9","7","2"
"2020","Tom Green","9-Midland","46","27","19"
"2020","Travis","7-Austin","187","71","116"
"2020","Trinity","5-Beaumont","7","4","3"
"2020","Tyler","5-Beaumont","7","0","7"
"2020","Upshur","4-Tyler","29","22","7"
"2020","Uvalde","8-San Antonio","9","9","0"
"2020","Val Verde","8-San Antonio","5","4","1"
"2020","Van Zandt","4-Tyler","3","2","1"
"2020","Victoria","8-San Antonio","13","7","6"
"2020","Walker","6-Houston","21","20","1"
"2020","Waller","6-Houston","31","21","10"
"2020","Washington","7-Austin","8","4","4"
"2020","Webb","11-Edinburg","36","23","13"
"2020","Wharton","6-Houston","24","10","14"
"2020","Wheeler","1-Lubbock","1","0","1"
"2020","Wichita","2-Abilene","113","101","12"
"2020","Wilbarger","2-Abilene","3","3","0"
"2020","Willacy","11-Edinburg","15","15","0"
"2020","Williamson","7-Austin","83","27","56"
"2020","Wilson","8-San Antonio","11","10","1"
"2020","Wise","3-Arlington","11","7","4"
"2020","Wood","4-Tyler","3","2","1"
"2020","Young","2-Abilene","13","9","4"
"2020","Zapata","11-Edinburg","14","7","7"
"2020","Zavala","8-San Antonio","6","5","1"
"2019","Anderson","4-Tyler","28","14","14"
"2019","Andrews","9-Midland","2","2","0"
"2019","Angelina","5-Beaumont","42","22","20"
"2019","Aransas","11-Edinburg","3","1","2"
"2019","Atascosa","8-San Antonio","11","11","0"
"2019","Austin","6-Houston","7","3","4"
"2019","Bailey","1-Lubbock","1","1","0"
"2019","Bandera","8-San Antonio","7","3","4"
"2019","Bastrop","7-Austin","13","5","8"
"2019","Bee","11-Edinburg","9","8","1"
"2019","Bell","7-Austin","153","43","110"
"2019","Bexar","8-San Antonio","488","292","196"
"2019","Blanco","7-Austin","7","3","4"
"2019","Bosque","7-Austin","3","1","2"
"2019","Bowie","4-Tyler","7","3","4"
"2019","Brazoria","6-Houston","38","23","15"
"2019","Brazos","7-Austin","18","9","9"
"2019","Brown","2-Abilene","31","21","10"
"2019","Burleson","7-Austin","5","4","1"
"2019","Burnet","7-Austin","15","5","10"
"2019","Caldwell","7-Austin","11","9","2"
"2019","Calhoun","8-San Antonio","5","3","2"
"2019","Cameron","11-Edinburg","116","87","29"
"2019","Camp","4-Tyler","3","3","0"
"2019","Cass","4-Tyler","5","2","3"
"2019","Chambers","6-Houston","11","10","1"
"2019","Cherokee","4-Tyler","6","5","1"
"2019","Coleman","2-Abilene","7","5","2"
"2019","Collin","3-Arlington","85","53","32"
"2019","Colorado","6-Houston","1","1","0"
"2019","Comal","8-San Antonio","59","45","14"
"2019","Comanche","2-Abilene","8","5","3"
"2019","Cooke","3-Arlington","15","10","5"
"2019","Coryell","7-Austin","34","27","7"
"2019","Crockett","9-Midland","2","2","0"
"2019","Dallas","3-Arlington","1007","711","296"
"2019","DeWitt","8-San Antonio","2","2","0"
"2019","Denton","3-Arlington","47","31","16"
"2019","Dimmit","8-San Antonio","3","0","3"
"2019","Eastland","2-Abilene","10","9","1"
"2019","Ector","9-Midland","19","16","3"
"2019","Edwards","8-San Antonio","2","0","2"
"2019","El Paso","10-El Paso","49","38","11"
"2019","Erath","3-Arlington","1","0","1"
"2019","Falls","7-Austin","5","0","5"
"2019","Fannin","3-Arlington","16","16","0"
"2019","Fayette","7-Austin","5","0","5"
"2019","Foard","2-Abilene","3","0","3"
"2019","Fort Bend","6-Houston","59","32","27"
"2019","Franklin","4-Tyler","5","5","0"
"2019","Frio","8-San Antonio","7","7","0"
"2019","Galveston","6-Houston","51","38","13"
"2019","Gillespie","8-San Antonio","8","3","5"
"2019","Gonzales","8-San Antonio","4","0","4"
"2019","Gray","1-Lubbock","5","5","0"
"2019","Grayson","3-Arlington","28","24","4"
"2019","Gregg","4-Tyler","38","22","16"
"2019","Grimes","7-Austin","1","0","1"
"2019","Guadalupe","8-San Antonio","43","30","13"
"2019","Hale","1-Lubbock","3","3","0"
"2019","Hall","1-Lubbock","3","3","0"
"2019","Hamilton","7-Austin","6","0","6"
"2019","Hardeman","2-Abilene","5","5","0"
"2019","Hardin","5-Beaumont","3","2","1"
"2019","Harris","6-Houston","473","341","132"
"2019","Harrison","4-Tyler","27","23","4"
"2019","Haskell","2-Abilene","4","4","0"
"2019","Hays","7-Austin","16","3","13"
"2019","Hemphill","1-Lubbock","1","1","0"
"2019","Henderson","4-Tyler","23","8","15"
"2019","Hidalgo","11-Edinburg","95","70","25"
"2019","Hill","7-Austin","6","0","6"
"2019","Hood","3-Arlington","18","11","7"
"2019","Hopkins","4-Tyler","3","3","0"
"2019","Houston","5-Beaumont","18","12","6"
"2019","Howard","9-Midland","10","8","2"
"2019","Hunt","3-Arlington","20","12","8"
"2019","Irion","9-Midland","1","1","0"
"2019","Jack","2-Abilene","5","4","1"
"2019","Jackson","8-San Antonio","2","2","0"
"2019","Jasper","5-Beaumont","17","11","6"
"2019","Jefferson","5-Beaumont","36","23","13"
"2019","Jim Wells","11-Edinburg","17","7","10"
"2019","Johnson","3-Arlington","8","4","4"
"2019","Jones","2-Abilene","2","1","1"
"2019","Karnes","8-San Antonio","2","2","0"
"2019","Kaufman","3-Arlington","1","1","0"
"2019","Kendall","8-San Antonio","3","1","2"
"2019","Kerr","8-San Antonio","12","4","8"
"2019","Kimble","9-Midland","1","1","0"
"2019","Kleberg","11-Edinburg","11","10","1"
"2019","La Salle","8-San Antonio","1","0","1"
"2019","Lamar","4-Tyler","20","7","13"
"2019","Lamb","1-Lubbock","3","3","0"
"2019","Lampasas","7-Austin","4","1","3"
"2019","Lavaca","8-San Antonio","7","4","3"
"2019","Lee","7-Austin","7","7","0"
"2019","Liberty","6-Houston","59","44","15"
"2019","Limestone","7-Austin","6","6","0"
"2019","Live Oak","11-Edinburg","2","0","2"
"2019","Llano","7-Austin","10","2","8"
"2019","Lubbock","1-Lubbock","31","25","6"
"2019","Madison","7-Austin","1","0","1"
"2019","Marion","4-Tyler","3","3","0"
"2019","Matagorda","6-Houston","10","8","2"
"2019","Maverick","8-San Antonio","1","0","1"
"2019","McCulloch","9-Midland","1","1","0"
"2019","McLennan","7-Austin","32","18","14"
"2019","Medina","8-San Antonio","17","10","7"
"2019","Midland","9-Midland","21","17","4"
"2019","Milam","7-Austin","8","5","3"
"2019","Mills","7-Austin","11","6","5"
"2019","Mitchell","2-Abilene","1","1","0"
"2019","Montague","2-Abilene","29","27","2"
"2019","Montgomery","6-Houston","129","82","47"
"2019","Morris","4-Tyler","6","5","1"
"2019","Nacogdoches","5-Beaumont","37","23","14"
"2019","Newton","5-Beaumont","8","7","1"
"2019","Nolan","2-Abilene","6","6","0"
"2019","Nueces","11-Edinburg","109","56","53"
"2019","Orange","5-Beaumont","22","7","15"
"2019","Palo Pinto","3-Arlington","23","11","12"
"2019","Panola","4-Tyler","4","4","0"
"2019","Parker","3-Arlington","21","12","9"
"2019","Pecos","9-Midland","7","7","0"
"2019","Polk","5-Beaumont","13","10","3"
"2019","Potter","1-Lubbock","9","7","2"
"2019","Randall","1-Lubbock","18","11","7"
"2019","Red River","4-Tyler","4","3","1"
"2019","Rockwall","3-Arlington","9","3","6"
"2019","Runnels","2-Abilene","5","5","0"
"2019","Rusk","4-Tyler","16","11","5"
"2019","Sabine","5-Beaumont","6","6","0"
"2019","San Augustine","5-Beaumont","6","1","5"
"2019","San Jacinto","5-Beaumont","6","6","0"
"2019","San Saba","7-Austin","5","0","5"
"2019","Schleicher","9-Midland","2","2","0"
"2019","Scurry","2-Abilene","16","13","3"
"2019","Shelby","5-Beaumont","14","11","3"
"2019","Smith","4-Tyler","126","48","78"
"2019","Somervell","3-Arlington","1","1","0"
"2019","Starr","11-Edinburg","4","0","4"
"2019","Stephens","2-Abilene","4","4","0"
"2019","Sutton","9-Midland","1","0","1"
"2019","Tarrant","3-Arlington","216","142","74"
"2019","Taylor","2-Abilene","69","57","12"
"2019","Titus","4-Tyler","8","7","1"
"2019","Tom Green","9-Midland","47","30","17"
"2019","Travis","7-Austin","157","65","92"
"2019","Trinity","5-Beaumont","8","4","4"
"2019","Tyler","5-Beaumont","3","0","3"
"2019","Upshur","4-Tyler","21","15","6"
"2019","Uvalde","8-San Antonio","9","9","0"
"2019","Val Verde","8-San Antonio","3","2","1"
"2019","Van Zandt","4-Tyler","3","2","1"
"2019","Victoria","8-San Antonio","12","7","5"
"2019","Walker","6-Houston","14","13","1"
"2019","Waller","6-Houston","23","18","5"
"2019","Washington","7-Austin","8","5","3"
"2019","Webb","11-Edinburg","36","22","14"
"2019","Wharton","6-Houston","24","11","13"
"2019","Wheeler","1-Lubbock","1","0","1"
"2019","Wichita","2-Abilene","111","98","13"
"2019","Wilbarger","2-Abilene","3","3","0"
"2019","Willacy","11-Edinburg","15","15","0"
"2019","Williamson","7-Austin","72","30","42"
"2019","Wilson","8-San Antonio","8","7","1"
"2019","Wise","3-Arlington","12","8","4"
"2019","Wood","4-Tyler","3","2","1"
"2019","Young","2-Abilene","12","8","4"
"2019","Zapata","11-Edinburg","14","7","7"
"2019","Zavala","8-San Antonio","1","0","1"
"2018","Anderson","4-Tyler","27","14","13"
"2018","Andrews","9-Midland","2","2","0"
"2018","Angelina","5-Beaumont","39","20","19"
"2018","Aransas","11-Edinburg","3","1","2"
"2018","Atascosa","8-San Antonio","4","4","0"
"2018","Austin","6-Houston","7","3","4"
"2018","Bandera","8-San Antonio","4","1","3"
"2018","Bastrop","7-Austin","17","9","8"
"2018","Bee","11-Edinburg","9","8","1"
"2018","Bell","7-Austin","134","40","94"
"2018","Bexar","8-San Antonio","411","236","175"
"2018","Bosque","7-Austin","3","1","2"
"2018","Bowie","4-Tyler","6","3","3"
"2018","Brazoria","6-Houston","36","19","17"
"2018","Brazos","7-Austin","18","9","9"
"2018","Brown","2-Abilene","24","17","7"
"2018","Burleson","7-Austin","4","3","1"
"2018","Burnet","7-Austin","9","5","4"
"2018","Caldwell","7-Austin","11","9","2"
"2018","Calhoun","8-San Antonio","5","3","2"
"2018","Callahan","2-Abilene","3","3","0"
"2018","Cameron","11-Edinburg","89","63","26"
"2018","Camp","4-Tyler","3","3","0"
"2018","Cass","4-Tyler","5","2","3"
"2018","Chambers","6-Houston","5","4","1"
"2018","Cherokee","4-Tyler","6","5","1"
"2018","Coleman","2-Abilene","4","2","2"
"2018","Collin","3-Arlington","69","41","28"
"2018","Colorado","6-Houston","1","1","0"
"2018","Comal","8-San Antonio","36","26","10"
"2018","Comanche","2-Abilene","9","6","3"
"2018","Cooke","3-Arlington","14","9","5"
"2018","Coryell","7-Austin","33","28","5"
"2018","Crockett","9-Midland","2","2","0"
"2018","Dallas","3-Arlington","899","648","251"
"2018","Dawson","9-Midland","1","1","0"
"2018","Denton","3-Arlington","36","23","13"
"2018","Dimmit","8-San Antonio","3","0","3"
"2018","Eastland","2-Abilene","11","10","1"
"2018","Ector","9-Midland","13","10","3"
"2018","Edwards","8-San Antonio","2","0","2"
"2018","El Paso","10-El Paso","47","36","11"
"2018","Falls","7-Austin","5","0","5"
"2018","Fannin","3-Arlington","12","12","0"
"2018","Fayette","7-Austin","3","0","3"
"2018","Fort Bend","6-Houston","53","30","23"
"2018","Franklin","4-Tyler","5","5","0"
"2018","Frio","8-San Antonio","4","4","0"
"2018","Galveston","6-Houston","45","32","13"
"2018","Gillespie","8-San Antonio","7","2","5"
"2018","Goliad","8-San Antonio","1","0","1"
"2018","Gonzales","8-San Antonio","4","0","4"
"2018","Gray","1-Lubbock","5","5","0"
"2018","Grayson","3-Arlington","24","19","5"
"2018","Gregg","4-Tyler","33","20","13"
"2018","Grimes","7-Austin","1","0","1"
"2018","Guadalupe","8-San Antonio","22","12","10"
"2018","Hale","1-Lubbock","3","3","0"
"2018","Hall","1-Lubbock","3","3","0"
"2018","Hamilton","7-Austin","6","0","6"
"2018","Hardeman","2-Abilene","5","5","0"
"2018","Hardin","5-Beaumont","3","2","1"
"2018","Harris","6-Houston","435","320","115"
"2018","Harrison","4-Tyler","18","14","4"
"2018","Haskell","2-Abilene","4","4","0"
"2018","Hays","7-Austin","9","4","5"
"2018","Hemphill","1-Lubbock","1","1","0"
"2018","Henderson","4-Tyler","20","11","9"
"2018","Hidalgo","11-Edinburg","87","62","25"
"2018","Hill","7-Austin","6","0","6"
"2018","Hood","3-Arlington","13","7","6"
"2018","Hopkins","4-Tyler","4","4","0"
"2018","Houston","5-Beaumont","15","10","5"
"2018","Howard","9-Midland","10","8","2"
"2018","Hunt","3-Arlington","19","12","7"
"2018","Irion","9-Midland","1","1","0"
"2018","Jack","2-Abilene","3","2","1"
"2018","Jackson","8-San Antonio","2","2","0"
"2018","Jasper","5-Beaumont","11","9","2"
"2018","Jefferson","5-Beaumont","36","23","13"
"2018","Jim Wells","11-Edinburg","14","7","7"
"2018","Johnson","3-Arlington","8","4","4"
"2018","Jones","2-Abilene","1","0","1"
"2018","Karnes","8-San Antonio","2","2","0"
"2018","Kaufman","3-Arlington","1","1","0"
"2018","Kendall","8-San Antonio","3","1","2"
"2018","Kerr","8-San Antonio","13","3","10"
"2018","Kleberg","11-Edinburg","12","11","1"
"2018","La Salle","8-San Antonio","1","0","1"
"2018","Lamar","4-Tyler","19","7","12"
"2018","Lamb","1-Lubbock","3","3","0"
"2018","Lampasas","7-Austin","5","1","4"
"2018","Lavaca","8-San Antonio","7","4","3"
"2018","Lee","7-Austin","8","8","0"
"2018","Liberty","6-Houston","53","40","13"
"2018","Limestone","7-Austin","6","6","0"
"2018","Live Oak","11-Edinburg","2","0","2"
"2018","Llano","7-Austin","5","2","3"
"2018","Lubbock","1-Lubbock","22","17","5"
"2018","Madison","7-Austin","1","0","1"
"2018","Matagorda","6-Houston","7","5","2"
"2018","McLennan","7-Austin","25","17","8"
"2018","Medina","8-San Antonio","16","9","7"
"2018","Midland","9-Midland","21","17","4"
"2018","Milam","7-Austin","5","2","3"
"2018","Mills","7-Austin","9","6","3"
"2018","Mitchell","2-Abilene","1","1","0"
"2018","Montague","2-Abilene","29","29","0"
"2018","Montgomery","6-Houston","111","68","43"
"2018","Morris","4-Tyler","6","5","1"
"2018","Nacogdoches","5-Beaumont","31","20","11"
"2018","Newton","5-Beaumont","8","7","1"
"2018","Nolan","2-Abilene","7","7","0"
"2018","Nueces","11-Edinburg","91","46","45"
"2018","Orange","5-Beaumont","23","7","16"
"2018","Palo Pinto","3-Arlington","22","10","12"
"2018","Panola","4-Tyler","4","4","0"
"2018","Parker","3-Arlington","14","9","5"
"2018","Pecos","9-Midland","7","7","0"
"2018","Polk","5-Beaumont","13","10","3"
"2018","Potter","1-Lubbock","7","7","0"
"2018","Randall","1-Lubbock","16","9","7"
"2018","Red River","4-Tyler","4","3","1"
"2018","Rockwall","3-Arlington","8","3","5"
"2018","Runnels","2-Abilene","5","5","0"
"2018","Rusk","4-Tyler","12","7","5"
"2018","Sabine","5-Beaumont","3","3","0"
"2018","San Augustine","5-Beaumont","3","1","2"
"2018","San Jacinto","5-Beaumont","6","6","0"
"2018","San Saba","7-Austin","5","0","5"
"2018","Schleicher","9-Midland","2","2","0"
"2018","Scurry","2-Abilene","14","13","1"
"2018","Shelby","5-Beaumont","13","11","2"
"2018","Smith","4-Tyler","110","38","72"
"2018","Somervell","3-Arlington","1","1","0"
"2018","Starr","11-Edinburg","4","0","4"
"2018","Stephens","2-Abilene","4","4","0"
"2018","Tarrant","3-Arlington","199","125","74"
"2018","Taylor","2-Abilene","57","47","10"
"2018","Titus","4-Tyler","5","4","1"
"2018","Tom Green","9-Midland","48","33","15"
"2018","Travis","7-Austin","152","61","91"
"2018","Trinity","5-Beaumont","8","4","4"
"2018","Tyler","5-Beaumont","3","0","3"
"2018","Upshur","4-Tyler","18","12","6"
"2018","Uvalde","8-San Antonio","9","9","0"
"2018","Val Verde","8-San Antonio","3","2","1"
"2018","Van Zandt","4-Tyler","4","3","1"
"2018","Victoria","8-San Antonio","9","7","2"
"2018","Walker","6-Houston","10","9","1"
"2018","Waller","6-Houston","20","15","5"
"2018","Washington","7-Austin","9","5","4"
"2018","Webb","11-Edinburg","30","21","9"
"2018","Wharton","6-Houston","8","5","3"
"2018","Wheeler","1-Lubbock","1","0","1"
"2018","Wichita","2-Abilene","103","90","13"
"2018","Wilbarger","2-Abilene","3","3","0"
"2018","Willacy","11-Edinburg","14","13","1"
"2018","Williamson","7-Austin","68","35","33"
"2018","Wilson","8-San Antonio","7","6","1"
"2018","Wise","3-Arlington","10","7","3"
"2018","Wood","4-Tyler","3","2","1"
"2018","Young","2-Abilene","10","5","5"
"2018","Zapata","11-Edinburg","12","5","7"
"2018","Zavala","8-San Antonio","1","0","1"
"2017","Anderson","4-Tyler","28","15","13"
"2017","Andrews","9-Midland","2","2","0"
"2017","Angelina","5-Beaumont","33","19","14"
"2017","Aransas","11-Edinburg","3","1","2"
"2017","Atascosa","8-San Antonio","6","4","2"
"2017","Austin","6-Houston","5","4","1"
"2017","Bandera","8-San Antonio","3","0","3"
"2017","Bastrop","7-Austin","14","8","6"
"2017","Bee","11-Edinburg","9","8","1"
"2017","Bell","7-Austin","113","37","76"
"2017","Bexar","8-San Antonio","309","169","140"
"2017","Bosque","7-Austin","3","1","2"
"2017","Bowie","4-Tyler","6","3","3"
"2017","Brazoria","6-Houston","32","13","19"
"2017","Brazos","7-Austin","21","11","10"
"2017","Brown","2-Abilene","14","10","4"
"2017","Burleson","7-Austin","3","3","0"
"2017","Burnet","7-Austin","6","5","1"
"2017","Caldwell","7-Austin","11","9","2"
"2017","Calhoun","8-San Antonio","3","3","0"
"2017","Callahan","2-Abilene","3","3","0"
"2017","Cameron","11-Edinburg","82","60","22"
"2017","Camp","4-Tyler","3","3","0"
"2017","Cass","4-Tyler","2","2","0"
"2017","Chambers","6-Houston","6","5","1"
"2017","Cherokee","4-Tyler","7","6","1"
"2017","Coleman","2-Abilene","4","3","1"
"2017","Collin","3-Arlington","48","31","17"
"2017","Colorado","6-Houston","1","1","0"
"2017","Comal","8-San Antonio","25","20","5"
"2017","Comanche","2-Abilene","7","3","4"
"2017","Cooke","3-Arlington","11","6","5"
"2017","Coryell","7-Austin","28","26","2"
"2017","Crockett","9-Midland","2","2","0"
"2017","Dallas","3-Arlington","775","576","199"
"2017","Dawson","9-Midland","1","1","0"
"2017","Denton","3-Arlington","33","19","14"
"2017","Eastland","2-Abilene","10","8","2"
"2017","Ector","9-Midland","14","11","3"
"2017","Edwards","8-San Antonio","2","0","2"
"2017","El Paso","10-El Paso","36","28","8"
"2017","Falls","7-Austin","5","0","5"
"2017","Fannin","3-Arlington","6","6","0"
"2017","Fayette","7-Austin","3","0","3"
"2017","Fort Bend","6-Houston","36","19","17"
"2017","Franklin","4-Tyler","3","3","0"
"2017","Galveston","6-Houston","43","31","12"
"2017","Gillespie","8-San Antonio","4","0","4"
"2017","Goliad","8-San Antonio","1","0","1"
"2017","Gonzales","8-San Antonio","4","0","4"
"2017","Gray","1-Lubbock","7","7","0"
"2017","Grayson","3-Arlington","16","11","5"
"2017","Gregg","4-Tyler","20","8","12"
"2017","Guadalupe","8-San Antonio","15","8","7"
"2017","Hale","1-Lubbock","3","3","0"
"2017","Hall","1-Lubbock","3","3","0"
"2017","Hamilton","7-Austin","2","0","2"
"2017","Hardeman","2-Abilene","5","5","0"
"2017","Hardin","5-Beaumont","3","2","1"
"2017","Harris","6-Houston","348","269","79"
"2017","Harrison","4-Tyler","18","14","4"
"2017","Haskell","2-Abilene","4","4","0"
"2017","Hays","7-Austin","5","1","4"
"2017","Hemphill","1-Lubbock","1","1","0"
"2017","Henderson","4-Tyler","15","6","9"
"2017","Hidalgo","11-Edinburg","65","51","14"
"2017","Hill","7-Austin","3","0","3"
"2017","Hockley","1-Lubbock","1","0","1"
"2017","Hood","3-Arlington","9","7","2"
"2017","Hopkins","4-Tyler","4","4","0"
"2017","Houston","5-Beaumont","11","7","4"
"2017","Howard","9-Midland","10","10","0"
"2017","Hunt","3-Arlington","16","9","7"
"2017","Irion","9-Midland","1","1","0"
"2017","Jack","2-Abilene","2","2","0"
"2017","Jackson","8-San Antonio","2","2","0"
"2017","Jasper","5-Beaumont","7","5","2"
"2017","Jefferson","5-Beaumont","32","22","10"
"2017","Jim Wells","11-Edinburg","9","6","3"
"2017","Johnson","3-Arlington","6","3","3"
"2017","Jones","2-Abilene","1","0","1"
"2017","Karnes","8-San Antonio","1","1","0"
"2017","Kaufman","3-Arlington","1","1","0"
"2017","Kendall","8-San Antonio","3","1","2"
"2017","Kerr","8-San Antonio","12","2","10"
"2017","Kleberg","11-Edinburg","11","10","1"
"2017","La Salle","8-San Antonio","1","0","1"
"2017","Lamar","4-Tyler","21","7","14"
"2017","Lamb","1-Lubbock","3","3","0"
"2017","Lampasas","7-Austin","4","0","4"
"2017","Lavaca","8-San Antonio","7","4","3"
"2017","Lee","7-Austin","7","7","0"
"2017","Liberty","6-Houston","46","34","12"
"2017","Limestone","7-Austin","6","6","0"
"2017","Live Oak","11-Edinburg","2","0","2"
"2017","Llano","7-Austin","5","2","3"
"2017","Lubbock","1-Lubbock","18","14","4"
"2017","Madison","7-Austin","1","0","1"
"2017","Matagorda","6-Houston","7","4","3"
"2017","McLennan","7-Austin","25","17","8"
"2017","Medina","8-San Antonio","18","11","7"
"2017","Midland","9-Midland","20","18","2"
"2017","Milam","7-Austin","5","2","3"
"2017","Mills","7-Austin","9","6","3"
"2017","Mitchell","2-Abilene","1","1","0"
"2017","Montague","2-Abilene","21","21","0"
"2017","Montgomery","6-Houston","89","56","33"
"2017","Morris","4-Tyler","5","5","0"
"2017","Nacogdoches","5-Beaumont","25","15","10"
"2017","Newton","5-Beaumont","5","4","1"
"2017","Nolan","2-Abilene","7","7","0"
"2017","Nueces","11-Edinburg","86","45","41"
"2017","Orange","5-Beaumont","20","10","10"
"2017","Palo Pinto","3-Arlington","16","10","6"
"2017","Panola","4-Tyler","1","1","0"
"2017","Parker","3-Arlington","10","7","3"
"2017","Pecos","9-Midland","7","7","0"
"2017","Polk","5-Beaumont","13","10","3"
"2017","Potter","1-Lubbock","8","8","0"
"2017","Randall","1-Lubbock","12","5","7"
"2017","Red River","4-Tyler","4","3","1"
"2017","Rockwall","3-Arlington","5","3","2"
"2017","Runnels","2-Abilene","3","3","0"
"2017","Rusk","4-Tyler","9","7","2"
"2017","Sabine","5-Beaumont","3","3","0"
"2017","San Augustine","5-Beaumont","2","1","1"
"2017","San Patricio","11-Edinburg","1","0","1"
"2017","San Saba","7-Austin","5","0","5"
"2017","Scurry","2-Abilene","12","12","0"
"2017","Shelby","5-Beaumont","13","11","2"
"2017","Smith","4-Tyler","78","23","55"
"2017","Starr","11-Edinburg","4","0","4"
"2017","Stephens","2-Abilene","4","4","0"
"2017","Tarrant","3-Arlington","186","119","67"
"2017","Taylor","2-Abilene","45","43","2"
"2017","Titus","4-Tyler","1","0","1"
"2017","Tom Green","9-Midland","53","38","15"
"2017","Travis","7-Austin","140","58","82"
"2017","Trinity","5-Beaumont","5","1","4"
"2017","Tyler","5-Beaumont","1","0","1"
"2017","Upshur","4-Tyler","14","10","4"
"2017","Uvalde","8-San Antonio","5","5","0"
"2017","Val Verde","8-San Antonio","1","0","1"
"2017","Van Zandt","4-Tyler","3","3","0"
"2017","Victoria","8-San Antonio","9","7","2"
"2017","Walker","6-Houston","9","8","1"
"2017","Waller","6-Houston","17","13","4"
"2017","Washington","7-Austin","8","4","4"
"2017","Webb","11-Edinburg","29","20","9"
"2017","Wharton","6-Houston","7","4","3"
"2017","Wheeler","1-Lubbock","1","0","1"
"2017","Wichita","2-Abilene","82","72","10"
"2017","Wilbarger","2-Abilene","1","1","0"
"2017","Willacy","11-Edinburg","14","13","1"
"2017","Williamson","7-Austin","56","29","27"
"2017","Wilson","8-San Antonio","7","6","1"
"2017","Wise","3-Arlington","9","7","2"
"2017","Wood","4-Tyler","3","2","1"
"2017","Young","2-Abilene","9","5","4"
"2017","Zapata","11-Edinburg","10","3","7"
"2017","Zavala","8-San Antonio","1","0","1"
"2016","Anderson","4-Tyler","22","12","10"
"2016","Andrews","9-Midland","2","2","0"
"2016","Angelina","5-Beaumont","21","15","6"
"2016","Aransas","11-Edinburg","1","1","0"
"2016","Atascosa","8-San Antonio","6","4","2"
"2016","Austin","6-Houston","5","4","1"
"2016","Bandera","8-San Antonio","4","0","4"
"2016","Bastrop","7-Austin","14","8","6"
"2016","Bee","11-Edinburg","9","8","1"
"2016","Bell","7-Austin","84","29","55"
"2016","Bexar","8-San Antonio","231","130","101"
"2016","Bosque","7-Austin","3","1","2"
"2016","Bowie","4-Tyler","5","2","3"
"2016","Brazoria","6-Houston","25","9","16"
"2016","Brazos","7-Austin","20","10","10"
"2016","Brown","2-Abilene","10","7","3"
"2016","Burleson","7-Austin","3","3","0"
"2016","Burnet","7-Austin","4","3","1"
"2016","Caldwell","7-Austin","10","8","2"
"2016","Callahan","2-Abilene","3","3","0"
"2016","Cameron","11-Edinburg","65","53","12"
"2016","Camp","4-Tyler","3","3","0"
"2016","Cass","4-Tyler","2","2","0"
"2016","Chambers","6-Houston","5","5","0"
"2016","Cherokee","4-Tyler","3","3","0"
"2016","Coleman","2-Abilene","4","3","1"
"2016","Collin","3-Arlington","38","27","11"
"2016","Colorado","6-Houston","1","1","0"
"2016","Comal","8-San Antonio","16","11","5"
"2016","Comanche","2-Abilene","5","1","4"
"2016","Cooke","3-Arlington","10","6","4"
"2016","Coryell","7-Austin","29","27","2"
"2016","Dallas","3-Arlington","658","497","161"
"2016","Dawson","9-Midland","1","1","0"
"2016","Denton","3-Arlington","22","18","4"
"2016","Eastland","2-Abilene","10","8","2"
"2016","Ector","9-Midland","14","11","3"
"2016","Edwards","8-San Antonio","2","0","2"
"2016","El Paso","10-El Paso","29","21","8"
"2016","Falls","7-Austin","5","0","5"
"2016","Fannin","3-Arlington","3","3","0"
"2016","Fayette","7-Austin","3","0","3"
"2016","Fort Bend","6-Houston","29","14","15"
"2016","Franklin","4-Tyler","3","3","0"
"2016","Galveston","6-Houston","26","23","3"
"2016","Gillespie","8-San Antonio","4","0","4"
"2016","Gonzales","8-San Antonio","4","0","4"
"2016","Gray","1-Lubbock","7","7","0"
"2016","Grayson","3-Arlington","10","6","4"
"2016","Gregg","4-Tyler","8","4","4"
"2016","Guadalupe","8-San Antonio","7","4","3"
"2016","Hall","1-Lubbock","3","3","0"
"2016","Hamilton","7-Austin","2","0","2"
"2016","Hardeman","2-Abilene","5","5","0"
"2016","Hardin","5-Beaumont","3","2","1"
"2016","Harris","6-Houston","306","250","56"
"2016","Harrison","4-Tyler","15","14","1"
"2016","Haskell","2-Abilene","4","4","0"
"2016","Hays","7-Austin","6","2","4"
"2016","Hemphill","1-Lubbock","1","1","0"
"2016","Henderson","4-Tyler","9","0","9"
"2016","Hidalgo","11-Edinburg","63","47","16"
"2016","Hill","7-Austin","3","0","3"
"2016","Hockley","1-Lubbock","2","0","2"
"2016","Hood","3-Arlington","8","6","2"
"2016","Hopkins","4-Tyler","4","4","0"
"2016","Houston","5-Beaumont","7","5","2"
"2016","Howard","9-Midland","11","11","0"
"2016","Hunt","3-Arlington","13","9","4"
"2016","Irion","9-Midland","1","1","0"
"2016","Jack","2-Abilene","2","2","0"
"2016","Jackson","8-San Antonio","2","2","0"
"2016","Jasper","5-Beaumont","2","2","0"
"2016","Jefferson","5-Beaumont","27","16","11"
"2016","Jim Wells","11-Edinburg","3","3","0"
"2016","Johnson","3-Arlington","8","5","3"
"2016","Jones","2-Abilene","2","0","2"
"2016","Karnes","8-San Antonio","1","1","0"
"2016","Kaufman","3-Arlington","1","1","0"
"2016","Kendall","8-San Antonio","1","1","0"
"2016","Kerr","8-San Antonio","7","0","7"
"2016","Kleberg","11-Edinburg","11","10","1"
"2016","Lamar","4-Tyler","17","6","11"
"2016","Lamb","1-Lubbock","3","3","0"
"2016","Lampasas","7-Austin","4","0","4"
"2016","Lavaca","8-San Antonio","7","4","3"
"2016","Lee","7-Austin","5","4","1"
"2016","Liberty","6-Houston","31","28","3"
"2016","Limestone","7-Austin","6","6","0"
"2016","Live Oak","11-Edinburg","2","0","2"
"2016","Llano","7-Austin","2","0","2"
"2016","Lubbock","1-Lubbock","12","11","1"
"2016","Madison","7-Austin","7","6","1"
"2016","Matagorda","6-Houston","5","3","2"
"2016","McLennan","7-Austin","21","15","6"
"2016","Medina","8-San Antonio","18","11","7"
"2016","Midland","9-Midland","20","18","2"
"2016","Milam","7-Austin","5","2","3"
"2016","Mills","7-Austin","4","4","0"
"2016","Mitchell","2-Abilene","1","1","0"
"2016","Montague","2-Abilene","17","17","0"
"2016","Montgomery","6-Houston","87","55","32"
"2016","Morris","4-Tyler","5","5","0"
"2016","Nacogdoches","5-Beaumont","24","15","9"
"2016","Newton","5-Beaumont","1","0","1"
"2016","Nolan","2-Abilene","7","7","0"
"2016","Nueces","11-Edinburg","65","31","34"
"2016","Orange","5-Beaumont","18","8","10"
"2016","Palo Pinto","3-Arlington","6","5","1"
"2016","Panola","4-Tyler","1","1","0"
"2016","Parker","3-Arlington","5","2","3"
"2016","Pecos","9-Midland","7","7","0"
"2016","Polk","5-Beaumont","12","9","3"
"2016","Potter","1-Lubbock","11","11","0"
"2016","Randall","1-Lubbock","13","5","8"
"2016","Red River","4-Tyler","4","3","1"
"2016","Rockwall","3-Arlington","2","2","0"
"2016","Runnels","2-Abilene","3","3","0"
"2016","Rusk","4-Tyler","9","7","2"
"2016","Sabine","5-Beaumont","3","3","0"
"2016","San Augustine","5-Beaumont","2","1","1"
"2016","San Patricio","11-Edinburg","2","0","2"
"2016","San Saba","7-Austin","5","0","5"
"2016","Scurry","2-Abilene","12","12","0"
"2016","Shelby","5-Beaumont","11","11","0"
"2016","Smith","4-Tyler","47","15","32"
"2016","Starr","11-Edinburg","4","0","4"
"2016","Stephens","2-Abilene","4","4","0"
"2016","Tarrant","3-Arlington","156","106","50"
"2016","Taylor","2-Abilene","39","37","2"
"2016","Titus","4-Tyler","1","0","1"
"2016","Tom Green","9-Midland","51","38","13"
"2016","Travis","7-Austin","126","61","65"
"2016","Trinity","5-Beaumont","4","0","4"
"2016","Upshur","4-Tyler","10","10","0"
"2016","Uvalde","8-San Antonio","5","5","0"
"2016","Val Verde","8-San Antonio","1","0","1"
"2016","Van Zandt","4-Tyler","3","3","0"
"2016","Victoria","8-San Antonio","11","9","2"
"2016","Walker","6-Houston","6","6","0"
"2016","Waller","6-Houston","15","11","4"
"2016","Washington","7-Austin","8","4","4"
"2016","Webb","11-Edinburg","19","14","5"
"2016","Wharton","6-Houston","5","4","1"
"2016","Wheeler","1-Lubbock","1","0","1"
"2016","Wichita","2-Abilene","76","68","8"
"2016","Willacy","11-Edinburg","14","13","1"
"2016","Williamson","7-Austin","46","32","14"
"2016","Wilson","8-San Antonio","2","1","1"
