"date","county","state","vehicle_primary_use","battery_electric_vehicles_bevs_","plug_in_hybrid_electric_vehicles_phevs_","electric_vehicle_ev_total","non_electric_vehicles","total_vehicles","percent_electric_vehicles"
"2017-01-31T00:00:00.000","Juneau","AK","Passenger","0","1","1","55","56","1.785714285714285714285714286"
"2017-01-31T00:00:00.000","Dale","AL","Passenger","0","1","1","67","68","1.470588235294117647058823529"
"2017-01-31T00:00:00.000","Lee","AL","Passenger","1","0","1","38","39","2.564102564102564102564102564"
"2017-01-31T00:00:00.000","Maricopa","AZ","Passenger","3","1","4","1913","1917","0.2086593635889410537297861242"
"2017-01-31T00:00:00.000","Pima","AZ","Passenger","0","2","2","452","454","0.4405286343612334801762114537"
"2017-01-31T00:00:00.000","Pinal","AZ","Passenger","2","1","3","257","260","1.153846153846153846153846154"
"2017-01-31T00:00:00.000","Yavapai","AZ","Passenger","1","0","1","81","82","1.219512195121951219512195122"
"2017-01-31T00:00:00.000","Alameda","CA","Passenger","6","1","7","389","396","1.767676767676767676767676768"
"2017-01-31T00:00:00.000","Contra Costa","CA","Passenger","1","0","1","706","707","0.1414427157001414427157001414"
"2017-01-31T00:00:00.000","Los Angeles","CA","Passenger","2","1","3","1466","1469","0.2042205582028590878148400272"
"2017-01-31T00:00:00.000","Marin","CA","Passenger","1","0","1","55","56","1.785714285714285714285714286"
"2017-01-31T00:00:00.000","Monterey","CA","Passenger","0","1","1","236","237","0.4219409282700421940928270042"
"2017-01-31T00:00:00.000","Orange","CA","Passenger","2","1","3","690","693","0.4329004329004329004329004329"
"2017-01-31T00:00:00.000","Riverside","CA","Passenger","0","1","1","872","873","0.1145475372279495990836197022"
"2017-01-31T00:00:00.000","San Diego","CA","Passenger","4","3","7","2915","2922","0.2395619438740588637919233402"
"2017-01-31T00:00:00.000","San Mateo","CA","Passenger","0","1","1","179","180","0.5555555555555555555555555556"
"2017-01-31T00:00:00.000","Santa Barbara","CA","Passenger","0","1","1","130","131","0.7633587786259541984732824427"
"2017-01-31T00:00:00.000","Santa Clara","CA","Passenger","5","3","8","453","461","1.735357917570498915401301518"
"2017-01-31T00:00:00.000","Tulare","CA","Passenger","1","0","1","205","206","0.4854368932038834951456310680"
"2017-01-31T00:00:00.000","Ventura","CA","Passenger","0","2","2","392","394","0.5076142131979695431472081218"
"2017-01-31T00:00:00.000","El Paso","CO","Passenger","0","1","1","889","890","0.1123595505617977528089887640"
"2017-01-31T00:00:00.000","Larimer","CO","Passenger","0","1","1","100","101","0.9900990099009900990099009901"
"2017-01-31T00:00:00.000","New London","CT","Passenger","2","1","3","289","292","1.027397260273972602739726027"
"2017-01-31T00:00:00.000","District of Columbia","DC","Passenger","0","3","3","234","237","1.265822784810126582278481013"
"2017-01-31T00:00:00.000","Collier","FL","Passenger","0","1","1","21","22","4.545454545454545454545454545"
"2017-01-31T00:00:00.000","Duval","FL","Passenger","1","1","2","374","376","0.5319148936170212765957446809"
"2017-01-31T00:00:00.000","Manatee","FL","Passenger","1","0","1","56","57","1.754385964912280701754385965"
"2017-01-31T00:00:00.000","Marion","FL","Passenger","1","0","1","26","27","3.703703703703703703703703704"
"2017-01-31T00:00:00.000","Miami-Dade","FL","Passenger","0","1","1","141","142","0.7042253521126760563380281690"
"2017-01-31T00:00:00.000","Okaloosa","FL","Passenger","1","0","1","185","186","0.5376344086021505376344086022"
"2017-01-31T00:00:00.000","Orange","FL","Passenger","0","1","1","157","158","0.6329113924050632911392405063"
"2017-01-31T00:00:00.000","Polk","FL","Passenger","1","0","1","64","65","1.538461538461538461538461538"
"2017-01-31T00:00:00.000","St. Lucie","FL","Passenger","1","0","1","30","31","3.225806451612903225806451613"
"2017-01-31T00:00:00.000","Sumter","FL","Passenger","0","1","1","10","11","9.090909090909090909090909091"
"2017-01-31T00:00:00.000","Volusia","FL","Passenger","0","1","1","48","49","2.040816326530612244897959184"
"2017-01-31T00:00:00.000","Cobb","GA","Passenger","0","1","1","76","77","1.298701298701298701298701299"
"2017-01-31T00:00:00.000","DeKalb","GA","Passenger","1","0","1","90","91","1.098901098901098901098901099"
"2017-01-31T00:00:00.000","Fulton","GA","Passenger","1","2","3","133","136","2.205882352941176470588235294"
"2017-01-31T00:00:00.000","Gwinnett","GA","Passenger","0","1","1","92","93","1.075268817204301075268817204"
"2017-01-31T00:00:00.000","Muscogee","GA","Passenger","0","1","1","269","270","0.3703703703703703703703703704"
"2017-01-31T00:00:00.000","Honolulu","HI","Passenger","4","1","5","663","668","0.7485029940119760479041916168"
"2017-01-31T00:00:00.000","Maui","HI","Passenger","1","0","1","82","83","1.204819277108433734939759036"
"2017-01-31T00:00:00.000","Canyon","ID","Passenger","0","1","1","114","115","0.8695652173913043478260869565"
"2017-01-31T00:00:00.000","Latah","ID","Passenger","0","1","1","141","142","0.7042253521126760563380281690"
"2017-01-31T00:00:00.000","Madison","ID","Passenger","1","0","1","47","48","2.083333333333333333333333333"
"2017-01-31T00:00:00.000","Shoshone","ID","Passenger","0","1","1","99","100","1.00"
"2017-01-31T00:00:00.000","Lake","IL","Passenger","1","0","1","194","195","0.5128205128205128205128205128"
"2017-01-31T00:00:00.000","DeKalb","IN","Passenger","1","0","1","1","2","50.0"
"2017-01-31T00:00:00.000","Hamilton","IN","Passenger","1","0","1","71","72","1.388888888888888888888888889"
"2017-01-31T00:00:00.000","Riley","KS","Passenger","1","0","1","139","140","0.7142857142857142857142857143"
"2017-01-31T00:00:00.000","Hardin","KY","Passenger","0","1","1","127","128","0.7812500"
"2017-01-31T00:00:00.000","Orleans","LA","Passenger","0","1","1","51","52","1.923076923076923076923076923"
"2017-01-31T00:00:00.000","Franklin","MA","Passenger","0","1","1","5","6","16.66666666666666666666666667"
"2017-01-31T00:00:00.000","Middlesex","MA","Passenger","1","0","1","160","161","0.6211180124223602484472049689"
"2017-01-31T00:00:00.000","Nantucket","MA","Passenger","1","0","1","2","3","33.33333333333333333333333333"
"2017-01-31T00:00:00.000","Norfolk","MA","Passenger","1","0","1","38","39","2.564102564102564102564102564"
"2017-01-31T00:00:00.000","Anne Arundel","MD","Passenger","0","1","1","521","522","0.1915708812260536398467432950"
"2017-01-31T00:00:00.000","Charles","MD","Passenger","0","1","1","88","89","1.123595505617977528089887640"
"2017-01-31T00:00:00.000","Howard","MD","Passenger","0","1","1","92","93","1.075268817204301075268817204"
"2017-01-31T00:00:00.000","Montgomery","MD","Passenger","1","2","3","312","315","0.9523809523809523809523809524"
"2017-01-31T00:00:00.000","St. Mary's","MD","Passenger","0","1","1","201","202","0.4950495049504950495049504950"
"2017-01-31T00:00:00.000","Wayne","MI","Passenger","0","2","2","79","81","2.469135802469135802469135802"
"2017-01-31T00:00:00.000","Dakota","MN","Passenger","0","1","1","43","44","2.272727272727272727272727273"
"2017-01-31T00:00:00.000","Jackson","MO","Passenger","1","0","1","74","75","1.333333333333333333333333333"
"2017-01-31T00:00:00.000","Cascade","MT","Passenger","0","1","1","58","59","1.694915254237288135593220339"
"2017-01-31T00:00:00.000","Gallatin","MT","Passenger","0","1","1","84","85","1.176470588235294117647058824"
"2017-01-31T00:00:00.000","Glacier","MT","Passenger","0","1","1","4","5","20.0"
"2017-01-31T00:00:00.000","Cumberland","NC","Passenger","1","0","1","650","651","0.1536098310291858678955453149"
"2017-01-31T00:00:00.000","Durham","NC","Passenger","0","1","1","36","37","2.702702702702702702702702703"
"2017-01-31T00:00:00.000","Guilford","NC","Passenger","1","0","1","33","34","2.941176470588235294117647059"
"2017-01-31T00:00:00.000","Harnett","NC","Passenger","1","0","1","283","284","0.3521126760563380281690140845"
"2017-01-31T00:00:00.000","Moore","NC","Passenger","0","1","1","211","212","0.4716981132075471698113207547"
"2017-01-31T00:00:00.000","Carroll","NH","Passenger","0","1","1","0","1","100"
"2017-01-31T00:00:00.000","Bergen","NJ","Passenger","0","2","2","35","37","5.405405405405405405405405405"
"2017-01-31T00:00:00.000","Essex","NJ","Passenger","1","0","1","15","16","6.2500"
"2017-01-31T00:00:00.000","Morris","NJ","Passenger","1","0","1","23","24","4.166666666666666666666666667"
"2017-01-31T00:00:00.000","Santa Fe","NM","Passenger","0","1","1","42","43","2.325581395348837209302325581"
"2017-01-31T00:00:00.000","Clark","NV","Passenger","1","3","4","913","917","0.4362050163576881134133042530"
"2017-01-31T00:00:00.000","Jefferson","NY","Passenger","1","1","2","255","257","0.7782101167315175097276264591"
"2017-01-31T00:00:00.000","Lewis","NY","Passenger","0","1","1","10","11","9.090909090909090909090909091"
"2017-01-31T00:00:00.000","Monroe","NY","Passenger","1","0","1","31","32","3.12500"
"2017-01-31T00:00:00.000","Saratoga","NY","Passenger","1","1","2","81","83","2.409638554216867469879518072"
"2017-01-31T00:00:00.000","Union","OH","Passenger","1","0","1","4","5","20.0"
"2017-01-31T00:00:00.000","Oklahoma","OK","Passenger","0","1","1","209","210","0.4761904761904761904761904762"
"2017-01-31T00:00:00.000","Clackamas","OR","Passenger","1","2","3","421","424","0.7075471698113207547169811321"
"2017-01-31T00:00:00.000","Deschutes","OR","Passenger","1","1","2","232","234","0.8547008547008547008547008547"
"2017-01-31T00:00:00.000","Douglas","OR","Passenger","0","1","1","90","91","1.098901098901098901098901099"
"2017-01-31T00:00:00.000","Hood River","OR","Passenger","1","0","1","42","43","2.325581395348837209302325581"
"2017-01-31T00:00:00.000","Lane","OR","Passenger","0","1","1","287","288","0.3472222222222222222222222222"
"2017-01-31T00:00:00.000","Marion","OR","Passenger","1","0","1","234","235","0.4255319148936170212765957447"
"2017-01-31T00:00:00.000","Multnomah","OR","Passenger","0","3","3","1266","1269","0.2364066193853427895981087470"
"2017-01-31T00:00:00.000","Allegheny","PA","Passenger","1","0","1","92","93","1.075268817204301075268817204"
"2017-01-31T00:00:00.000","Northampton","PA","Passenger","2","0","2","261","263","0.7604562737642585551330798479"
"2017-01-31T00:00:00.000","Hamilton","TN","Passenger","1","0","1","25","26","3.846153846153846153846153846"
"2017-01-31T00:00:00.000","Montgomery","TN","Passenger","1","0","1","303","304","0.3289473684210526315789473684"
"2017-01-31T00:00:00.000","Shelby","TN","Passenger","0","1","1","117","118","0.8474576271186440677966101695"
"2017-01-31T00:00:00.000","Bexar","TX","Passenger","3","3","6","1252","1258","0.4769475357710651828298887122"
"2017-01-31T00:00:00.000","Dallas","TX","Passenger","1","0","1","222","223","0.4484304932735426008968609865"
"2017-01-31T00:00:00.000","El Paso","TX","Passenger","0","1","1","603","604","0.1655629139072847682119205298"
"2017-01-31T00:00:00.000","Hidalgo","TX","Passenger","0","1","1","97","98","1.020408163265306122448979592"
"2017-01-31T00:00:00.000","Tarrant","TX","Passenger","0","2","2","332","334","0.5988023952095808383233532934"
"2017-01-31T00:00:00.000","Travis","TX","Passenger","0","1","1","210","211","0.4739336492890995260663507109"
"2017-01-31T00:00:00.000","Salt Lake","UT","Passenger","0","1","1","353","354","0.2824858757062146892655367232"
"2017-01-31T00:00:00.000","Utah","UT","Passenger","0","1","1","187","188","0.5319148936170212765957446809"
"2017-01-31T00:00:00.000","Alexandria","VA","Passenger","1","0","1","187","188","0.5319148936170212765957446809"
"2017-01-31T00:00:00.000","Arlington","VA","Passenger","1","1","2","177","179","1.117318435754189944134078212"
"2017-01-31T00:00:00.000","Fairfax","VA","Passenger","2","3","5","888","893","0.5599104143337066069428891377"
"2017-01-31T00:00:00.000","Loudoun","VA","Passenger","0","1","1","86","87","1.149425287356321839080459770"
"2017-01-31T00:00:00.000","Manassas","VA","Passenger","0","1","1","8","9","11.11111111111111111111111111"
"2017-01-31T00:00:00.000","Norfolk","VA","Passenger","1","1","2","304","306","0.6535947712418300653594771242"
"2017-01-31T00:00:00.000","Prince William","VA","Passenger","0","3","3","276","279","1.075268817204301075268817204"
"2017-01-31T00:00:00.000","Virginia Beach","VA","Passenger","2","1","3","653","656","0.4573170731707317073170731707"
"2017-01-31T00:00:00.000","Adams","WA","Truck","0","0","0","5077","5077","0"
"2017-01-31T00:00:00.000","Adams","WA","Passenger","1","1","2","12178","12180","0.01642036124794745484400656814"
"2017-01-31T00:00:00.000","Asotin","WA","Passenger","4","4","8","12323","12331","0.06487713891817370853945341010"
"2017-01-31T00:00:00.000","Asotin","WA","Truck","0","0","0","6491","6491","0"
"2017-01-31T00:00:00.000","Benton","WA","Passenger","129","134","263","127866","128129","0.2052618845070202686355157693"
"2017-01-31T00:00:00.000","Benton","WA","Truck","0","0","0","39820","39820","0"
"2017-01-31T00:00:00.000","Chelan","WA","Truck","0","0","0","21267","21267","0"
"2017-01-31T00:00:00.000","Chelan","WA","Passenger","54","28","82","51912","51994","0.1577105050582759549178751394"
"2017-01-31T00:00:00.000","Clallam","WA","Truck","0","0","0","21048","21048","0"
"2017-01-31T00:00:00.000","Clallam","WA","Passenger","73","68","141","48004","48145","0.2928653027313324332744833316"
"2017-01-31T00:00:00.000","Clark","WA","Truck","0","0","0","77528","77528","0"
"2017-01-31T00:00:00.000","Clark","WA","Passenger","673","448","1121","297851","298972","0.3749515004749608659004856642"
"2017-01-31T00:00:00.000","Columbia","WA","Truck","0","0","0","1543","1543","0"
"2017-01-31T00:00:00.000","Columbia","WA","Passenger","0","1","1","2332","2333","0.04286326618088298328332618946"
"2017-01-31T00:00:00.000","Cowlitz","WA","Truck","0","0","0","27957","27957","0"
"2017-01-31T00:00:00.000","Cowlitz","WA","Passenger","51","52","103","69115","69218","0.1488052240746626600017336531"
"2017-01-31T00:00:00.000","Douglas","WA","Truck","0","0","0","11428","11428","0"
"2017-01-31T00:00:00.000","Douglas","WA","Passenger","29","19","48","26575","26623","0.1802952334447658040040566428"
"2017-01-31T00:00:00.000","Ferry","WA","Truck","0","0","0","3582","3582","0"
"2017-01-31T00:00:00.000","Ferry","WA","Passenger","2","1","3","4387","4390","0.06833712984054669703872437358"
"2017-01-31T00:00:00.000","Franklin","WA","Truck","0","0","0","17912","17912","0"
"2017-01-31T00:00:00.000","Franklin","WA","Passenger","27","43","70","55409","55479","0.1261738675895383838930045603"
"2017-01-31T00:00:00.000","Garfield","WA","Passenger","0","0","0","1285","1285","0"
"2017-01-31T00:00:00.000","Garfield","WA","Truck","0","0","0","941","941","0"
"2017-01-31T00:00:00.000","Grant","WA","Passenger","16","25","41","60404","60445","0.06783025891306146083216146910"
"2017-01-31T00:00:00.000","Grant","WA","Truck","0","0","0","25040","25040","0"
"2017-01-31T00:00:00.000","Grays Harbor","WA","Truck","0","0","0","19861","19861","0"
"2017-01-31T00:00:00.000","Grays Harbor","WA","Passenger","27","27","54","44310","44364","0.1217203137679199350824993238"
"2017-01-31T00:00:00.000","Island","WA","Truck","1","0","1","20513","20514","0.004874719703617042020083845179"
"2017-01-31T00:00:00.000","Island","WA","Passenger","103","125","228","59419","59647","0.3822488976813586601170218117"
"2017-01-31T00:00:00.000","Jefferson","WA","Passenger","87","56","143","23614","23757","0.6019278528433724796901965736"
"2017-01-31T00:00:00.000","Jefferson","WA","Truck","0","0","0","9470","9470","0"
"2017-01-31T00:00:00.000","King","WA","Passenger","8806","3989","12795","1387489","1400284","0.9137432120912614869555033122"
"2017-01-31T00:00:00.000","King","WA","Truck","8","1","9","191135","191144","0.004708492026953501025404930314"
"2017-01-31T00:00:00.000","Kitsap","WA","Passenger","556","275","831","172439","173270","0.4795983147688578519074277140"
"2017-01-31T00:00:00.000","Kitsap","WA","Truck","1","0","1","52402","52403","0.001908287693452664923763906647"
"2017-01-31T00:00:00.000","Kittitas","WA","Truck","0","0","0","13416","13416","0"
"2017-01-31T00:00:00.000","Kittitas","WA","Passenger","15","16","31","27163","27194","0.1139957343531661395896153563"
"2017-01-31T00:00:00.000","Klickitat","WA","Truck","0","0","0","7947","7947","0"
"2017-01-31T00:00:00.000","Klickitat","WA","Passenger","20","24","44","14796","14840","0.2964959568733153638814016173"
"2017-01-31T00:00:00.000","Lewis","WA","Passenger","43","41","84","54953","55037","0.1526245979977106310300343405"
"2017-01-31T00:00:00.000","Lewis","WA","Truck","0","0","0","24792","24792","0"
"2017-01-31T00:00:00.000","Lincoln","WA","Truck","0","0","0","4462","4462","0"
"2017-01-31T00:00:00.000","Lincoln","WA","Passenger","2","4","6","7544","7550","0.07947019867549668874172185430"
"2017-01-31T00:00:00.000","Mason","WA","Truck","0","0","0","19188","19188","0"
"2017-01-31T00:00:00.000","Mason","WA","Passenger","48","59","107","42814","42921","0.2492952167936441369026816710"
"2017-01-31T00:00:00.000","Okanogan","WA","Truck","0","0","0","16379","16379","0"
"2017-01-31T00:00:00.000","Okanogan","WA","Passenger","3","15","18","25814","25832","0.06968101579436358005574481264"
"2017-01-31T00:00:00.000","Pacific","WA","Passenger","5","7","12","15035","15047","0.07975011630225294078553864558"
"2017-01-31T00:00:00.000","Pacific","WA","Truck","0","0","0","7512","7512","0"
"2017-01-31T00:00:00.000","Pend Oreille","WA","Passenger","1","4","5","9348","9353","0.05345878327809259061263765637"
"2017-01-31T00:00:00.000","Pend Oreille","WA","Truck","0","0","0","5592","5592","0"
"2017-01-31T00:00:00.000","Pierce","WA","Truck","0","0","0","138803","138803","0"
"2017-01-31T00:00:00.000","Pierce","WA","Passenger","823","807","1630","528417","530047","0.3075198991787520729293817341"
"2017-01-31T00:00:00.000","San Juan","WA","Truck","0","0","0","5598","5598","0"
"2017-01-31T00:00:00.000","San Juan","WA","Passenger","84","32","116","13346","13462","0.8616847422374090031198930322"
"2017-01-31T00:00:00.000","Skagit","WA","Truck","1","0","1","31411","31412","0.003183496752833312110021647778"
"2017-01-31T00:00:00.000","Skagit","WA","Passenger","106","98","204","87450","87654","0.2327332466287904716270791978"
"2017-01-31T00:00:00.000","Skamania","WA","Passenger","7","7","14","8551","8565","0.1634559252772913018096906013"
"2017-01-31T00:00:00.000","Skamania","WA","Truck","0","0","0","3907","3907","0"
"2017-01-31T00:00:00.000","Snohomish","WA","Passenger","1549","887","2436","515003","517439","0.4707801306047669387116162485"
"2017-01-31T00:00:00.000","Snohomish","WA","Truck","1","0","1","122848","122849","0.0008140074400280018559369632638"
"2017-01-31T00:00:00.000","Spokane","WA","Passenger","222","230","452","296042","296494","0.1524482788859133743009976593"
"2017-01-31T00:00:00.000","Spokane","WA","Truck","1","1","2","90448","90450","0.002211166390270867882808181316"
"2017-01-31T00:00:00.000","Stevens","WA","Truck","0","0","0","18341","18341","0"
"2017-01-31T00:00:00.000","Stevens","WA","Passenger","6","23","29","31526","31555","0.09190302646173348122326097290"
"2017-01-31T00:00:00.000","Thurston","WA","Truck","0","0","0","53353","53353","0"
"2017-01-31T00:00:00.000","Thurston","WA","Passenger","336","320","656","185001","185657","0.3533397609570336696165509515"
"2017-01-31T00:00:00.000","Wahkiakum","WA","Truck","0","0","0","1625","1625","0"
"2017-01-31T00:00:00.000","Wahkiakum","WA","Passenger","0","1","1","2862","2863","0.03492839678658749563395040168"
"2017-01-31T00:00:00.000","Walla Walla","WA","Truck","0","0","0","13170","13170","0"
"2017-01-31T00:00:00.000","Walla Walla","WA","Passenger","16","21","37","34880","34917","0.1059655755076323853710227110"
"2017-01-31T00:00:00.000","Whatcom","WA","Passenger","385","159","544","141902","142446","0.3818991056259916038358395462"
"2017-01-31T00:00:00.000","Whatcom","WA","Truck","2","0","2","41344","41346","0.004837227301310888598655250810"
"2017-01-31T00:00:00.000","Whitman","WA","Truck","0","0","0","8407","8407","0"
"2017-01-31T00:00:00.000","Whitman","WA","Passenger","8","20","28","21951","21979","0.1273943309522726238682378634"
"2017-01-31T00:00:00.000","Yakima","WA","Passenger","36","53","89","159945","160034","0.05561318219878275866378394591"
"2017-01-31T00:00:00.000","Yakima","WA","Truck","0","0","0","57341","57341","0"
"2017-01-31T00:00:00.000","Brown","WI","Passenger","1","0","1","46","47","2.127659574468085106382978723"
"2017-01-31T00:00:00.000","Dane","WI","Passenger","1","0","1","191","192","0.5208333333333333333333333333"
"2017-01-31T00:00:00.000","Ozaukee","WI","Passenger","0","1","1","4","5","20.0"
"2017-01-31T00:00:00.000",,,"Passenger","2","0","2","278","280","0.7142857142857142857142857143"
"2017-02-28T00:00:00.000","Juneau","AK","Passenger","0","1","1","52","53","1.886792452830188679245283019"
"2017-02-28T00:00:00.000","Dale","AL","Passenger","0","1","1","65","66","1.515151515151515151515151515"
"2017-02-28T00:00:00.000","Lee","AL","Passenger","1","0","1","37","38","2.631578947368421052631578947"
"2017-02-28T00:00:00.000","Maricopa","AZ","Passenger","3","1","4","1792","1796","0.2227171492204899777282850780"
"2017-02-28T00:00:00.000","Pima","AZ","Passenger","0","2","2","425","427","0.4683840749414519906323185012"
"2017-02-28T00:00:00.000","Pinal","AZ","Passenger","2","1","3","238","241","1.244813278008298755186721992"
"2017-02-28T00:00:00.000","Alameda","CA","Passenger","3","1","4","379","383","1.044386422976501305483028721"
"2017-02-28T00:00:00.000","Contra Costa","CA","Passenger","1","0","1","678","679","0.1472754050073637702503681885"
"2017-02-28T00:00:00.000","Los Angeles","CA","Passenger","2","1","3","1371","1374","0.2183406113537117903930131004"
"2017-02-28T00:00:00.000","Marin","CA","Passenger","1","0","1","56","57","1.754385964912280701754385965"
"2017-02-28T00:00:00.000","Monterey","CA","Passenger","0","1","1","228","229","0.4366812227074235807860262009"
"2017-02-28T00:00:00.000","Orange","CA","Passenger","2","1","3","664","667","0.4497751124437781109445277361"
"2017-02-28T00:00:00.000","Riverside","CA","Passenger","0","1","1","827","828","0.1207729468599033816425120773"
"2017-02-28T00:00:00.000","San Diego","CA","Passenger","4","2","6","2841","2847","0.2107481559536354056902002107"
"2017-02-28T00:00:00.000","San Mateo","CA","Passenger","0","1","1","167","168","0.5952380952380952380952380952"
"2017-02-28T00:00:00.000","Santa Clara","CA","Passenger","5","3","8","417","425","1.882352941176470588235294118"
"2017-02-28T00:00:00.000","Tulare","CA","Passenger","1","0","1","202","203","0.4926108374384236453201970443"
"2017-02-28T00:00:00.000","Ventura","CA","Passenger","0","2","2","375","377","0.5305039787798408488063660477"
"2017-02-28T00:00:00.000","El Paso","CO","Passenger","0","1","1","849","850","0.1176470588235294117647058824"
"2017-02-28T00:00:00.000","Larimer","CO","Passenger","0","1","1","86","87","1.149425287356321839080459770"
"2017-02-28T00:00:00.000","New London","CT","Passenger","2","1","3","284","287","1.045296167247386759581881533"
"2017-02-28T00:00:00.000","District of Columbia","DC","Passenger","0","3","3","227","230","1.304347826086956521739130435"
"2017-02-28T00:00:00.000","Duval","FL","Passenger","1","1","2","366","368","0.5434782608695652173913043478"
"2017-02-28T00:00:00.000","Manatee","FL","Passenger","1","0","1","52","53","1.886792452830188679245283019"
"2017-02-28T00:00:00.000","Miami-Dade","FL","Passenger","0","1","1","137","138","0.7246376811594202898550724638"
"2017-02-28T00:00:00.000","Okaloosa","FL","Passenger","1","0","1","186","187","0.5347593582887700534759358289"
"2017-02-28T00:00:00.000","Orange","FL","Passenger","1","1","2","151","153","1.307189542483660130718954248"
"2017-02-28T00:00:00.000","Polk","FL","Passenger","1","0","1","65","66","1.515151515151515151515151515"
"2017-02-28T00:00:00.000","St. Lucie","FL","Passenger","1","0","1","28","29","3.448275862068965517241379310"
"2017-02-28T00:00:00.000","Sumter","FL","Passenger","0","1","1","10","11","9.090909090909090909090909091"
"2017-02-28T00:00:00.000","Volusia","FL","Passenger","0","1","1","46","47","2.127659574468085106382978723"
"2017-02-28T00:00:00.000","Cobb","GA","Passenger","0","1","1","74","75","1.333333333333333333333333333"
"2017-02-28T00:00:00.000","DeKalb","GA","Passenger","1","0","1","83","84","1.190476190476190476190476190"
"2017-02-28T00:00:00.000","Fulton","GA","Passenger","1","1","2","125","127","1.574803149606299212598425197"
"2017-02-28T00:00:00.000","Gwinnett","GA","Passenger","0","1","1","85","86","1.162790697674418604651162791"
"2017-02-28T00:00:00.000","Muscogee","GA","Passenger","0","1","1","260","261","0.3831417624521072796934865900"
"2017-02-28T00:00:00.000","Honolulu","HI","Passenger","4","1","5","624","629","0.7949125596184419713831478537"
"2017-02-28T00:00:00.000","Maui","HI","Passenger","1","0","1","71","72","1.388888888888888888888888889"
"2017-02-28T00:00:00.000","Canyon","ID","Passenger","0","1","1","103","104","0.9615384615384615384615384615"
"2017-02-28T00:00:00.000","Latah","ID","Passenger","0","1","1","130","131","0.7633587786259541984732824427"
"2017-02-28T00:00:00.000","Madison","ID","Passenger","1","0","1","43","44","2.272727272727272727272727273"
"2017-02-28T00:00:00.000","Shoshone","ID","Passenger","0","1","1","82","83","1.204819277108433734939759036"
"2017-02-28T00:00:00.000","DeKalb","IN","Passenger","1","0","1","1","2","50.0"
"2017-02-28T00:00:00.000","Hamilton","IN","Passenger","1","0","1","65","66","1.515151515151515151515151515"
"2017-02-28T00:00:00.000","Riley","KS","Passenger","1","0","1","136","137","0.7299270072992700729927007299"
"2017-02-28T00:00:00.000","Hardin","KY","Passenger","0","1","1","128","129","0.7751937984496124031007751938"
"2017-02-28T00:00:00.000","Orleans","LA","Passenger","0","1","1","50","51","1.960784313725490196078431373"
"2017-02-28T00:00:00.000","Franklin","MA","Passenger","0","1","1","4","5","20.0"
"2017-02-28T00:00:00.000","Middlesex","MA","Passenger","1","0","1","157","158","0.6329113924050632911392405063"
"2017-02-28T00:00:00.000","Nantucket","MA","Passenger","1","0","1","2","3","33.33333333333333333333333333"
"2017-02-28T00:00:00.000","Norfolk","MA","Passenger","1","0","1","35","36","2.777777777777777777777777778"
"2017-02-28T00:00:00.000","Anne Arundel","MD","Passenger","0","1","1","518","519","0.1926782273603082851637764933"
"2017-02-28T00:00:00.000","Charles","MD","Passenger","0","1","1","90","91","1.098901098901098901098901099"
"2017-02-28T00:00:00.000","Howard","MD","Passenger","0","1","1","90","91","1.098901098901098901098901099"
"2017-02-28T00:00:00.000","Montgomery","MD","Passenger","1","2","3","305","308","0.9740259740259740259740259740"
"2017-02-28T00:00:00.000","Wayne","MI","Passenger","0","2","2","71","73","2.739726027397260273972602740"
"2017-02-28T00:00:00.000","Dakota","MN","Passenger","0","1","1","38","39","2.564102564102564102564102564"
"2017-02-28T00:00:00.000","Jackson","MO","Passenger","1","0","1","70","71","1.408450704225352112676056338"
"2017-02-28T00:00:00.000","Cascade","MT","Passenger","0","1","1","55","56","1.785714285714285714285714286"
"2017-02-28T00:00:00.000","Gallatin","MT","Passenger","0","1","1","77","78","1.282051282051282051282051282"
"2017-02-28T00:00:00.000","Glacier","MT","Passenger","0","1","1","3","4","25.00"
"2017-02-28T00:00:00.000","Missoula","MT","Passenger","1","0","1","79","80","1.2500"
"2017-02-28T00:00:00.000","Cumberland","NC","Passenger","1","0","1","639","640","0.1562500"
"2017-02-28T00:00:00.000","Durham","NC","Passenger","0","1","1","35","36","2.777777777777777777777777778"
"2017-02-28T00:00:00.000","Guilford","NC","Passenger","1","0","1","31","32","3.12500"
"2017-02-28T00:00:00.000","Harnett","NC","Passenger","1","0","1","277","278","0.3597122302158273381294964029"
"2017-02-28T00:00:00.000","Moore","NC","Passenger","0","1","1","211","212","0.4716981132075471698113207547"
"2017-02-28T00:00:00.000","Carroll","NH","Passenger","0","1","1","0","1","100"
"2017-02-28T00:00:00.000","Bergen","NJ","Passenger","0","2","2","34","36","5.555555555555555555555555556"
"2017-02-28T00:00:00.000","Essex","NJ","Passenger","1","0","1","15","16","6.2500"
"2017-02-28T00:00:00.000","Morris","NJ","Passenger","1","0","1","22","23","4.347826086956521739130434783"
"2017-02-28T00:00:00.000","Santa Fe","NM","Passenger","0","1","1","42","43","2.325581395348837209302325581"
"2017-02-28T00:00:00.000","Clark","NV","Passenger","1","2","3","859","862","0.3480278422273781902552204176"
"2017-02-28T00:00:00.000","Jefferson","NY","Passenger","1","1","2","261","263","0.7604562737642585551330798479"
"2017-02-28T00:00:00.000","Lewis","NY","Passenger","0","1","1","10","11","9.090909090909090909090909091"
"2017-02-28T00:00:00.000","Monroe","NY","Passenger","1","0","1","29","30","3.333333333333333333333333333"
"2017-02-28T00:00:00.000","Nassau","NY","Passenger","0","1","1","38","39","2.564102564102564102564102564"
"2017-02-28T00:00:00.000","Saratoga","NY","Passenger","1","1","2","80","82","2.439024390243902439024390244"
"2017-02-28T00:00:00.000","Franklin","OH","Passenger","0","1","1","117","118","0.8474576271186440677966101695"
"2017-02-28T00:00:00.000","Oklahoma","OK","Passenger","0","1","1","184","185","0.5405405405405405405405405405"
"2017-02-28T00:00:00.000","Clackamas","OR","Passenger","1","2","3","356","359","0.8356545961002785515320334262"
"2017-02-28T00:00:00.000","Deschutes","OR","Passenger","1","0","1","197","198","0.5050505050505050505050505051"
"2017-02-28T00:00:00.000","Douglas","OR","Passenger","0","1","1","79","80","1.2500"
"2017-02-28T00:00:00.000","Lane","OR","Passenger","0","1","1","254","255","0.3921568627450980392156862745"
"2017-02-28T00:00:00.000","Marion","OR","Passenger","1","0","1","197","198","0.5050505050505050505050505051"
"2017-02-28T00:00:00.000","Multnomah","OR","Passenger","0","3","3","1135","1138","0.2636203866432337434094903339"
"2017-02-28T00:00:00.000","Allegheny","PA","Passenger","1","0","1","88","89","1.123595505617977528089887640"
"2017-02-28T00:00:00.000","Northampton","PA","Passenger","2","0","2","233","235","0.8510638297872340425531914894"
"2017-02-28T00:00:00.000","Hamilton","TN","Passenger","1","0","1","24","25","4.00"
"2017-02-28T00:00:00.000","Montgomery","TN","Passenger","1","0","1","290","291","0.3436426116838487972508591065"
"2017-02-28T00:00:00.000","Shelby","TN","Passenger","0","1","1","111","112","0.8928571428571428571428571429"
"2017-02-28T00:00:00.000","Bexar","TX","Passenger","1","2","3","1154","1157","0.2592912705272255834053586863"
"2017-02-28T00:00:00.000","Dallas","TX","Passenger","1","0","1","203","204","0.4901960784313725490196078431"
"2017-02-28T00:00:00.000","Hidalgo","TX","Passenger","0","1","1","94","95","1.052631578947368421052631579"
"2017-02-28T00:00:00.000","Nueces","TX","Passenger","0","1","1","99","100","1.00"
"2017-02-28T00:00:00.000","Tarrant","TX","Passenger","0","2","2","303","305","0.6557377049180327868852459016"
"2017-02-28T00:00:00.000","Travis","TX","Passenger","0","1","1","195","196","0.5102040816326530612244897959"
"2017-02-28T00:00:00.000","Salt Lake","UT","Passenger","0","1","1","327","328","0.3048780487804878048780487805"
"2017-02-28T00:00:00.000","Utah","UT","Passenger","0","1","1","161","162","0.6172839506172839506172839506"
"2017-02-28T00:00:00.000","Alexandria","VA","Passenger","1","0","1","184","185","0.5405405405405405405405405405"
"2017-02-28T00:00:00.000","Arlington","VA","Passenger","1","1","2","171","173","1.156069364161849710982658960"
"2017-02-28T00:00:00.000","Fairfax","VA","Passenger","2","3","5","879","884","0.5656108597285067873303167421"
"2017-02-28T00:00:00.000","Manassas","VA","Passenger","0","1","1","8","9","11.11111111111111111111111111"
"2017-02-28T00:00:00.000","Norfolk","VA","Passenger","1","1","2","303","305","0.6557377049180327868852459016"
"2017-02-28T00:00:00.000","Prince William","VA","Passenger","0","3","3","271","274","1.094890510948905109489051095"
"2017-02-28T00:00:00.000","Virginia Beach","VA","Passenger","2","1","3","645","648","0.4629629629629629629629629630"
"2017-02-28T00:00:00.000","Adams","WA","Truck","0","0","0","5072","5072","0"
"2017-02-28T00:00:00.000","Adams","WA","Passenger","2","2","4","12129","12133","0.03296793867963405588065606198"
"2017-02-28T00:00:00.000","Asotin","WA","Passenger","4","4","8","12328","12336","0.06485084306095979247730220493"
"2017-02-28T00:00:00.000","Asotin","WA","Truck","0","0","0","6479","6479","0"
"2017-02-28T00:00:00.000","Benton","WA","Truck","0","0","0","39750","39750","0"
"2017-02-28T00:00:00.000","Benton","WA","Passenger","134","138","272","127658","127930","0.2126162745251309309778785273"
"2017-02-28T00:00:00.000","Chelan","WA","Passenger","55","29","84","51767","51851","0.1620026614722956162851246842"
"2017-02-28T00:00:00.000","Chelan","WA","Truck","0","0","0","21255","21255","0"
"2017-02-28T00:00:00.000","Clallam","WA","Passenger","76","68","144","47976","48120","0.2992518703241895261845386534"
"2017-02-28T00:00:00.000","Clallam","WA","Truck","0","0","0","21032","21032","0"
"2017-02-28T00:00:00.000","Clark","WA","Passenger","696","458","1154","297959","299113","0.3858073704586560931821752983"
"2017-02-28T00:00:00.000","Clark","WA","Truck","0","0","0","77528","77528","0"
"2017-02-28T00:00:00.000","Columbia","WA","Passenger","0","1","1","2338","2339","0.04275331338178708849935870030"
"2017-02-28T00:00:00.000","Columbia","WA","Truck","0","0","0","1528","1528","0"
"2017-02-28T00:00:00.000","Cowlitz","WA","Passenger","50","54","104","69059","69163","0.1503694171739224729985685988"
"2017-02-28T00:00:00.000","Cowlitz","WA","Truck","0","0","0","27880","27880","0"
"2017-02-28T00:00:00.000","Douglas","WA","Truck","0","0","0","11389","11389","0"
"2017-02-28T00:00:00.000","Douglas","WA","Passenger","30","19","49","26541","26590","0.1842798044377585558480631816"
"2017-02-28T00:00:00.000","Ferry","WA","Truck","0","0","0","3563","3563","0"
"2017-02-28T00:00:00.000","Ferry","WA","Passenger","2","1","3","4392","4395","0.06825938566552901023890784983"
"2017-02-28T00:00:00.000","Franklin","WA","Passenger","26","43","69","55224","55293","0.1247897563886929629428679941"
"2017-02-28T00:00:00.000","Franklin","WA","Truck","0","0","0","17907","17907","0"
"2017-02-28T00:00:00.000","Garfield","WA","Truck","0","0","0","934","934","0"
"2017-02-28T00:00:00.000","Garfield","WA","Passenger","0","0","0","1290","1290","0"
"2017-02-28T00:00:00.000","Grant","WA","Truck","0","0","0","24998","24998","0"
"2017-02-28T00:00:00.000","Grant","WA","Passenger","17","25","42","60212","60254","0.06970491585620871643376373353"
"2017-02-28T00:00:00.000","Grays Harbor","WA","Passenger","27","27","54","44246","44300","0.1218961625282167042889390519"
"2017-02-28T00:00:00.000","Grays Harbor","WA","Truck","0","0","0","19818","19818","0"
"2017-02-28T00:00:00.000","Island","WA","Passenger","100","128","228","59450","59678","0.3820503368075337645363450518"
"2017-02-28T00:00:00.000","Island","WA","Truck","0","0","0","20493","20493","0"
"2017-02-28T00:00:00.000","Jefferson","WA","Passenger","89","59","148","23608","23756","0.6230005051355447044957063479"
"2017-02-28T00:00:00.000","Jefferson","WA","Truck","0","0","0","9473","9473","0"
"2017-02-28T00:00:00.000","King","WA","Truck","8","1","9","190550","190559","0.004722946698922643380790201460"
"2017-02-28T00:00:00.000","King","WA","Passenger","9107","4086","13193","1385370","1398563","0.9433253989988295128642756887"
"2017-02-28T00:00:00.000","Kitsap","WA","Truck","1","0","1","52370","52371","0.001909453705294915124782799641"
"2017-02-28T00:00:00.000","Kitsap","WA","Passenger","562","294","856","172148","173004","0.4947862477168157961665626228"
"2017-02-28T00:00:00.000","Kittitas","WA","Passenger","15","15","30","27066","27096","0.1107174490699734278122232064"
"2017-02-28T00:00:00.000","Kittitas","WA","Truck","0","0","0","13388","13388","0"
"2017-02-28T00:00:00.000","Klickitat","WA","Passenger","20","24","44","14771","14815","0.2969962875464056699291258859"
"2017-02-28T00:00:00.000","Klickitat","WA","Truck","0","0","0","7939","7939","0"
"2017-02-28T00:00:00.000","Lewis","WA","Passenger","46","42","88","54963","55051","0.1598517738097400592178162068"
"2017-02-28T00:00:00.000","Lewis","WA","Truck","0","0","0","24784","24784","0"
"2017-02-28T00:00:00.000","Lincoln","WA","Passenger","2","4","6","7510","7516","0.07982969664715274081958488558"
"2017-02-28T00:00:00.000","Lincoln","WA","Truck","0","0","0","4463","4463","0"
"2017-02-28T00:00:00.000","Mason","WA","Passenger","48","62","110","42783","42893","0.2564521017415429090993868463"
"2017-02-28T00:00:00.000","Mason","WA","Truck","0","0","0","19195","19195","0"
"2017-02-28T00:00:00.000","Okanogan","WA","Passenger","3","15","18","25673","25691","0.07006344634307734225993538593"
"2017-02-28T00:00:00.000","Okanogan","WA","Truck","0","0","0","16305","16305","0"
"2017-02-28T00:00:00.000","Pacific","WA","Truck","0","0","0","7488","7488","0"
"2017-02-28T00:00:00.000","Pacific","WA","Passenger","6","7","13","14997","15010","0.08660892738174550299800133245"
"2017-02-28T00:00:00.000","Pend Oreille","WA","Truck","0","0","0","5570","5570","0"
"2017-02-28T00:00:00.000","Pend Oreille","WA","Passenger","1","4","5","9302","9307","0.05372300419039432685075749436"
"2017-02-28T00:00:00.000","Pierce","WA","Passenger","866","834","1700","526877","528577","0.3216182315916129532688709497"
"2017-02-28T00:00:00.000","Pierce","WA","Truck","0","0","0","138590","138590","0"
"2017-02-28T00:00:00.000","San Juan","WA","Passenger","88","32","120","13402","13522","0.8874426859931962727407188286"
"2017-02-28T00:00:00.000","San Juan","WA","Truck","0","0","0","5577","5577","0"
"2017-02-28T00:00:00.000","Skagit","WA","Passenger","113","102","215","87268","87483","0.2457620337665603602985722940"
"2017-02-28T00:00:00.000","Skagit","WA","Truck","1","0","1","31412","31413","0.003183395409543819437812370675"
"2017-02-28T00:00:00.000","Skamania","WA","Passenger","7","7","14","8545","8559","0.1635705105736651477976399112"
"2017-02-28T00:00:00.000","Skamania","WA","Truck","0","0","0","3888","3888","0"
"2017-02-28T00:00:00.000","Snohomish","WA","Passenger","1604","911","2515","514098","516613","0.4868247605073817344898405576"
"2017-02-28T00:00:00.000","Snohomish","WA","Truck","1","0","1","122528","122529","0.0008161333235397334508565319231"
"2017-02-28T00:00:00.000","Spokane","WA","Passenger","230","230","460","295038","295498","0.1556694123141273375792729562"
"2017-02-28T00:00:00.000","Spokane","WA","Truck","1","1","2","90261","90263","0.002215747316176063281743349988"
"2017-02-28T00:00:00.000","Stevens","WA","Passenger","6","23","29","31318","31347","0.09251284014419242670749992025"
"2017-02-28T00:00:00.000","Stevens","WA","Truck","0","0","0","18331","18331","0"
"2017-02-28T00:00:00.000","Thurston","WA","Passenger","353","330","683","184939","185622","0.3679520746463242503582549482"
"2017-02-28T00:00:00.000","Thurston","WA","Truck","0","0","0","53354","53354","0"
"2017-02-28T00:00:00.000","Wahkiakum","WA","Passenger","0","1","1","2844","2845","0.03514938488576449912126537786"
"2017-02-28T00:00:00.000","Wahkiakum","WA","Truck","0","0","0","1626","1626","0"
"2017-02-28T00:00:00.000","Walla Walla","WA","Truck","0","0","0","13163","13163","0"
"2017-02-28T00:00:00.000","Walla Walla","WA","Passenger","17","21","38","34797","34835","0.1090856896799196210707621645"
"2017-02-28T00:00:00.000","Whatcom","WA","Passenger","405","164","569","141906","142475","0.3993683102298648885769433234"
"2017-02-28T00:00:00.000","Whatcom","WA","Truck","2","0","2","41334","41336","0.004838397522740468356880201277"
"2017-02-28T00:00:00.000","Whitman","WA","Truck","0","0","0","8402","8402","0"
"2017-02-28T00:00:00.000","Whitman","WA","Passenger","8","19","27","21957","21984","0.1228165938864628820960698690"
"2017-02-28T00:00:00.000","Yakima","WA","Passenger","36","54","90","159141","159231","0.05652165721498954349341522693"
"2017-02-28T00:00:00.000","Yakima","WA","Truck","0","0","0","57227","57227","0"
"2017-02-28T00:00:00.000","Dane","WI","Passenger","1","0","1","167","168","0.5952380952380952380952380952"
"2017-02-28T00:00:00.000","Ozaukee","WI","Passenger","0","1","1","4","5","20.0"
"2017-02-28T00:00:00.000",,,"Passenger","2","0","2","271","273","0.7326007326007326007326007326"
"2017-03-31T00:00:00.000","Juneau","AK","Passenger","0","1","1","50","51","1.960784313725490196078431373"
"2017-03-31T00:00:00.000","Dale","AL","Passenger","0","1","1","65","66","1.515151515151515151515151515"
"2017-03-31T00:00:00.000","Lee","AL","Passenger","1","0","1","36","37","2.702702702702702702702702703"
"2017-03-31T00:00:00.000","Maricopa","AZ","Passenger","3","1","4","1755","1759","0.2274019329164297896532120523"
"2017-03-31T00:00:00.000","Pima","AZ","Passenger","0","2","2","430","432","0.4629629629629629629629629630"
"2017-03-31T00:00:00.000","Pinal","AZ","Passenger","2","1","3","237","240","1.2500"
"2017-03-31T00:00:00.000","Alameda","CA","Passenger","3","1","4","375","379","1.055408970976253298153034301"
"2017-03-31T00:00:00.000","Los Angeles","CA","Passenger","2","1","3","1357","1360","0.2205882352941176470588235294"
"2017-03-31T00:00:00.000","Marin","CA","Passenger","1","0","1","56","57","1.754385964912280701754385965"
"2017-03-31T00:00:00.000","Monterey","CA","Passenger","0","1","1","223","224","0.4464285714285714285714285714"
"2017-03-31T00:00:00.000","Orange","CA","Passenger","2","1","3","647","650","0.4615384615384615384615384615"
"2017-03-31T00:00:00.000","Riverside","CA","Passenger","0","1","1","814","815","0.1226993865030674846625766871"
"2017-03-31T00:00:00.000","San Diego","CA","Passenger","5","2","7","2825","2832","0.2471751412429378531073446328"
"2017-03-31T00:00:00.000","San Mateo","CA","Passenger","0","1","1","159","160","0.62500"
"2017-03-31T00:00:00.000","Santa Clara","CA","Passenger","6","2","8","410","418","1.913875598086124401913875598"
"2017-03-31T00:00:00.000","Tulare","CA","Passenger","1","0","1","196","197","0.5076142131979695431472081218"
"2017-03-31T00:00:00.000","Ventura","CA","Passenger","0","2","2","374","376","0.5319148936170212765957446809"
"2017-03-31T00:00:00.000","El Paso","CO","Passenger","0","1","1","832","833","0.1200480192076830732292917167"
"2017-03-31T00:00:00.000","Larimer","CO","Passenger","0","1","1","83","84","1.190476190476190476190476190"
"2017-03-31T00:00:00.000","New London","CT","Passenger","1","1","2","281","283","0.7067137809187279151943462898"
"2017-03-31T00:00:00.000","District of Columbia","DC","Passenger","0","3","3","220","223","1.345291479820627802690582960"
"2017-03-31T00:00:00.000","Duval","FL","Passenger","1","1","2","365","367","0.5449591280653950953678474114"
"2017-03-31T00:00:00.000","Manatee","FL","Passenger","1","0","1","49","50","2.00"
"2017-03-31T00:00:00.000","Miami-Dade","FL","Passenger","0","1","1","135","136","0.7352941176470588235294117647"
"2017-03-31T00:00:00.000","Okaloosa","FL","Passenger","1","0","1","189","190","0.5263157894736842105263157895"
"2017-03-31T00:00:00.000","Orange","FL","Passenger","1","1","2","149","151","1.324503311258278145695364238"
"2017-03-31T00:00:00.000","Polk","FL","Passenger","1","0","1","66","67","1.492537313432835820895522388"
"2017-03-31T00:00:00.000","St. Lucie","FL","Passenger","1","0","1","28","29","3.448275862068965517241379310"
"2017-03-31T00:00:00.000","Sumter","FL","Passenger","0","1","1","10","11","9.090909090909090909090909091"
"2017-03-31T00:00:00.000","Volusia","FL","Passenger","0","1","1","45","46","2.173913043478260869565217391"
"2017-03-31T00:00:00.000","Cobb","GA","Passenger","0","1","1","73","74","1.351351351351351351351351351"
"2017-03-31T00:00:00.000","DeKalb","GA","Passenger","1","0","1","83","84","1.190476190476190476190476190"
"2017-03-31T00:00:00.000","Fulton","GA","Passenger","1","1","2","119","121","1.652892561983471074380165289"
"2017-03-31T00:00:00.000","Gwinnett","GA","Passenger","0","1","1","82","83","1.204819277108433734939759036"
"2017-03-31T00:00:00.000","Muscogee","GA","Passenger","0","1","1","257","258","0.3875968992248062015503875969"
"2017-03-31T00:00:00.000","Honolulu","HI","Passenger","5","1","6","610","616","0.9740259740259740259740259740"
"2017-03-31T00:00:00.000","Maui","HI","Passenger","1","0","1","71","72","1.388888888888888888888888889"
"2017-03-31T00:00:00.000","Canyon","ID","Passenger","0","1","1","99","100","1.00"
"2017-03-31T00:00:00.000","Latah","ID","Passenger","0","1","1","120","121","0.8264462809917355371900826446"
"2017-03-31T00:00:00.000","Madison","ID","Passenger","1","0","1","43","44","2.272727272727272727272727273"
"2017-03-31T00:00:00.000","DeKalb","IN","Passenger","1","0","1","1","2","50.0"
"2017-03-31T00:00:00.000","Hamilton","IN","Passenger","1","0","1","62","63","1.587301587301587301587301587"
"2017-03-31T00:00:00.000","Riley","KS","Passenger","1","0","1","137","138","0.7246376811594202898550724638"
"2017-03-31T00:00:00.000","Hardin","KY","Passenger","0","1","1","126","127","0.7874015748031496062992125984"
"2017-03-31T00:00:00.000","Orleans","LA","Passenger","0","1","1","49","50","2.00"
"2017-03-31T00:00:00.000","Franklin","MA","Passenger","0","1","1","4","5","20.0"
"2017-03-31T00:00:00.000","Middlesex","MA","Passenger","1","0","1","151","152","0.6578947368421052631578947368"
"2017-03-31T00:00:00.000","Nantucket","MA","Passenger","1","0","1","2","3","33.33333333333333333333333333"
"2017-03-31T00:00:00.000","Norfolk","MA","Passenger","1","0","1","35","36","2.777777777777777777777777778"
"2017-03-31T00:00:00.000","Anne Arundel","MD","Passenger","0","1","1","514","515","0.1941747572815533980582524272"
"2017-03-31T00:00:00.000","Charles","MD","Passenger","0","1","1","90","91","1.098901098901098901098901099"
"2017-03-31T00:00:00.000","Howard","MD","Passenger","0","1","1","91","92","1.086956521739130434782608696"
"2017-03-31T00:00:00.000","Montgomery","MD","Passenger","1","2","3","306","309","0.9708737864077669902912621359"
"2017-03-31T00:00:00.000","Wayne","MI","Passenger","0","1","1","72","73","1.369863013698630136986301370"
"2017-03-31T00:00:00.000","Dakota","MN","Passenger","0","1","1","38","39","2.564102564102564102564102564"
"2017-03-31T00:00:00.000","Jackson","MO","Passenger","1","0","1","67","68","1.470588235294117647058823529"
"2017-03-31T00:00:00.000","Cascade","MT","Passenger","0","1","1","56","57","1.754385964912280701754385965"
"2017-03-31T00:00:00.000","Gallatin","MT","Passenger","0","1","1","72","73","1.369863013698630136986301370"
"2017-03-31T00:00:00.000","Glacier","MT","Passenger","0","1","1","3","4","25.00"
"2017-03-31T00:00:00.000","Missoula","MT","Passenger","1","0","1","78","79","1.265822784810126582278481013"
"2017-03-31T00:00:00.000","Cumberland","NC","Passenger","1","0","1","638","639","0.1564945226917057902973395931"
"2017-03-31T00:00:00.000","Guilford","NC","Passenger","1","0","1","30","31","3.225806451612903225806451613"
"2017-03-31T00:00:00.000","Harnett","NC","Passenger","1","0","1","272","273","0.3663003663003663003663003663"
"2017-03-31T00:00:00.000","Moore","NC","Passenger","0","1","1","210","211","0.4739336492890995260663507109"
"2017-03-31T00:00:00.000","Carroll","NH","Passenger","0","1","1","0","1","100"
"2017-03-31T00:00:00.000","Bergen","NJ","Passenger","0","2","2","34","36","5.555555555555555555555555556"
"2017-03-31T00:00:00.000","Essex","NJ","Passenger","1","0","1","15","16","6.2500"
"2017-03-31T00:00:00.000","Morris","NJ","Passenger","1","0","1","22","23","4.347826086956521739130434783"
"2017-03-31T00:00:00.000","Santa Fe","NM","Passenger","0","1","1","43","44","2.272727272727272727272727273"
"2017-03-31T00:00:00.000","Clark","NV","Passenger","1","2","3","846","849","0.3533568904593639575971731449"
"2017-03-31T00:00:00.000","Jefferson","NY","Passenger","1","1","2","266","268","0.7462686567164179104477611940"
"2017-03-31T00:00:00.000","Lewis","NY","Passenger","0","1","1","10","11","9.090909090909090909090909091"
"2017-03-31T00:00:00.000","Monroe","NY","Passenger","1","0","1","30","31","3.225806451612903225806451613"
"2017-03-31T00:00:00.000","Nassau","NY","Passenger","0","1","1","39","40","2.500"
"2017-03-31T00:00:00.000","Saratoga","NY","Passenger","1","1","2","79","81","2.469135802469135802469135802"
"2017-03-31T00:00:00.000","Franklin","OH","Passenger","0","1","1","116","117","0.8547008547008547008547008547"
"2017-03-31T00:00:00.000","Oklahoma","OK","Passenger","0","1","1","165","166","0.6024096385542168674698795181"
"2017-03-31T00:00:00.000","Clackamas","OR","Passenger","1","2","3","334","337","0.8902077151335311572700296736"
"2017-03-31T00:00:00.000","Deschutes","OR","Passenger","1","0","1","196","197","0.5076142131979695431472081218"
"2017-03-31T00:00:00.000","Douglas","OR","Passenger","0","1","1","75","76","1.315789473684210526315789474"
"2017-03-31T00:00:00.000","Lane","OR","Passenger","0","1","1","253","254","0.3937007874015748031496062992"
"2017-03-31T00:00:00.000","Marion","OR","Passenger","1","0","1","189","190","0.5263157894736842105263157895"
"2017-03-31T00:00:00.000","Multnomah","OR","Passenger","0","3","3","1093","1096","0.2737226277372262773722627737"
"2017-03-31T00:00:00.000","Allegheny","PA","Passenger","1","0","1","87","88","1.136363636363636363636363636"
"2017-03-31T00:00:00.000","Montgomery","PA","Passenger","1","0","1","38","39","2.564102564102564102564102564"
"2017-03-31T00:00:00.000","Northampton","PA","Passenger","2","0","2","211","213","0.9389671361502347417840375587"
"2017-03-31T00:00:00.000","Hamilton","TN","Passenger","1","0","1","24","25","4.00"
"2017-03-31T00:00:00.000","Montgomery","TN","Passenger","1","0","1","283","284","0.3521126760563380281690140845"
"2017-03-31T00:00:00.000","Shelby","TN","Passenger","0","1","1","113","114","0.8771929824561403508771929825"
"2017-03-31T00:00:00.000","Bexar","TX","Passenger","1","2","3","1083","1086","0.2762430939226519337016574586"
"2017-03-31T00:00:00.000","Dallas","TX","Passenger","1","1","2","199","201","0.9950248756218905472636815920"
"2017-03-31T00:00:00.000","Hidalgo","TX","Passenger","0","1","1","96","97","1.030927835051546391752577320"
"2017-03-31T00:00:00.000","Nueces","TX","Passenger","0","1","1","100","101","0.9900990099009900990099009901"
"2017-03-31T00:00:00.000","Tarrant","TX","Passenger","0","2","2","285","287","0.6968641114982578397212543554"
"2017-03-31T00:00:00.000","Travis","TX","Passenger","0","1","1","189","190","0.5263157894736842105263157895"
"2017-03-31T00:00:00.000","Salt Lake","UT","Passenger","0","1","1","304","305","0.3278688524590163934426229508"
"2017-03-31T00:00:00.000","Utah","UT","Passenger","0","1","1","160","161","0.6211180124223602484472049689"
"2017-03-31T00:00:00.000","Albemarle","VA","Passenger","0","1","1","31","32","3.12500"
"2017-03-31T00:00:00.000","Alexandria","VA","Passenger","2","0","2","184","186","1.075268817204301075268817204"
"2017-03-31T00:00:00.000","Arlington","VA","Passenger","1","1","2","169","171","1.169590643274853801169590643"
"2017-03-31T00:00:00.000","Fairfax","VA","Passenger","2","3","5","869","874","0.5720823798627002288329519451"
"2017-03-31T00:00:00.000","Manassas","VA","Passenger","0","1","1","9","10","10.0"
"2017-03-31T00:00:00.000","Norfolk","VA","Passenger","1","1","2","305","307","0.6514657980456026058631921824"
"2017-03-31T00:00:00.000","Prince William","VA","Passenger","0","3","3","267","270","1.111111111111111111111111111"
"2017-03-31T00:00:00.000","Virginia Beach","VA","Passenger","2","1","3","645","648","0.4629629629629629629629629630"
"2017-03-31T00:00:00.000","Adams","WA","Truck","0","0","0","5072","5072","0"
"2017-03-31T00:00:00.000","Adams","WA","Passenger","2","4","6","12112","12118","0.04951312097705892061396270012"
"2017-03-31T00:00:00.000","Asotin","WA","Passenger","5","3","8","12339","12347","0.06479306714181582570664938852"
"2017-03-31T00:00:00.000","Asotin","WA","Truck","0","0","0","6515","6515","0"
"2017-03-31T00:00:00.000","Benton","WA","Passenger","141","144","285","127944","128229","0.2222586154458039912968205320"
"2017-03-31T00:00:00.000","Benton","WA","Truck","0","0","0","39856","39856","0"
"2017-03-31T00:00:00.000","Chelan","WA","Truck","0","0","0","21227","21227","0"
"2017-03-31T00:00:00.000","Chelan","WA","Passenger","55","30","85","51690","51775","0.1641718976339932399806856591"
"2017-03-31T00:00:00.000","Clallam","WA","Truck","0","0","0","21044","21044","0"
"2017-03-31T00:00:00.000","Clallam","WA","Passenger","79","70","149","48071","48220","0.3090004147656574035669846537"
"2017-03-31T00:00:00.000","Clark","WA","Truck","0","0","0","77579","77579","0"
"2017-03-31T00:00:00.000","Clark","WA","Passenger","721","478","1199","298298","299497","0.4003378998787967826055018915"
"2017-03-31T00:00:00.000","Columbia","WA","Truck","0","0","0","1529","1529","0"
"2017-03-31T00:00:00.000","Columbia","WA","Passenger","0","1","1","2356","2357","0.04242681374628765379719983029"
"2017-03-31T00:00:00.000","Cowlitz","WA","Passenger","52","56","108","69300","69408","0.1556016597510373443983402490"
"2017-03-31T00:00:00.000","Cowlitz","WA","Truck","0","0","0","27913","27913","0"
"2017-03-31T00:00:00.000","Douglas","WA","Truck","0","0","0","11441","11441","0"
"2017-03-31T00:00:00.000","Douglas","WA","Passenger","29","19","48","26587","26635","0.1802140041299042613103059884"
"2017-03-31T00:00:00.000","Ferry","WA","Truck","0","0","0","3555","3555","0"
"2017-03-31T00:00:00.000","Ferry","WA","Passenger","2","1","3","4387","4390","0.06833712984054669703872437358"
"2017-03-31T00:00:00.000","Franklin","WA","Passenger","27","48","75","55313","55388","0.1354083917093955369394092583"
"2017-03-31T00:00:00.000","Franklin","WA","Truck","0","0","0","17958","17958","0"
"2017-03-31T00:00:00.000","Garfield","WA","Truck","0","0","0","940","940","0"
"2017-03-31T00:00:00.000","Garfield","WA","Passenger","0","0","0","1283","1283","0"
"2017-03-31T00:00:00.000","Grant","WA","Passenger","18","25","43","60350","60393","0.07120030467107115063003990529"
"2017-03-31T00:00:00.000","Grant","WA","Truck","0","0","0","25047","25047","0"
"2017-03-31T00:00:00.000","Grays Harbor","WA","Truck","0","0","0","19865","19865","0"
"2017-03-31T00:00:00.000","Grays Harbor","WA","Passenger","28","30","58","44407","44465","0.1304396716518610142808950860"
"2017-03-31T00:00:00.000","Island","WA","Passenger","107","135","242","59606","59848","0.4043577061890121641491779174"
"2017-03-31T00:00:00.000","Island","WA","Truck","0","0","0","20497","20497","0"
"2017-03-31T00:00:00.000","Jefferson","WA","Passenger","95","61","156","23654","23810","0.6551868962620747585048299034"
"2017-03-31T00:00:00.000","Jefferson","WA","Truck","0","0","0","9448","9448","0"
"2017-03-31T00:00:00.000","King","WA","Passenger","9350","4164","13514","1382839","1396353","0.9678068511329155306716854549"
"2017-03-31T00:00:00.000","King","WA","Truck","8","1","9","189811","189820","0.004741333895269202402275840270"
"2017-03-31T00:00:00.000","Kitsap","WA","Passenger","582","303","885","172515","173400","0.5103806228373702422145328720"
"2017-03-31T00:00:00.000","Kitsap","WA","Truck","1","0","1","52339","52340","0.001910584638899503247993886129"
"2017-03-31T00:00:00.000","Kittitas","WA","Truck","0","0","0","13427","13427","0"
"2017-03-31T00:00:00.000","Kittitas","WA","Passenger","17","16","33","27118","27151","0.1215424846230341423888622887"
"2017-03-31T00:00:00.000","Klickitat","WA","Truck","0","0","0","7944","7944","0"
"2017-03-31T00:00:00.000","Klickitat","WA","Passenger","21","25","46","14776","14822","0.3103494805019565510727297261"
"2017-03-31T00:00:00.000","Lewis","WA","Truck","0","0","0","24817","24817","0"
"2017-03-31T00:00:00.000","Lewis","WA","Passenger","46","45","91","55088","55179","0.1649178129360807553598289204"
"2017-03-31T00:00:00.000","Lincoln","WA","Passenger","2","5","7","7506","7513","0.09317183548515905763343537868"
"2017-03-31T00:00:00.000","Lincoln","WA","Truck","0","0","0","4470","4470","0"
"2017-03-31T00:00:00.000","Mason","WA","Passenger","52","63","115","42931","43046","0.2671560656042373275101054686"
"2017-03-31T00:00:00.000","Mason","WA","Truck","0","0","0","19231","19231","0"
"2017-03-31T00:00:00.000","Okanogan","WA","Truck","0","0","0","16309","16309","0"
"2017-03-31T00:00:00.000","Okanogan","WA","Passenger","3","16","19","25640","25659","0.07404809228730659807474960053"
"2017-03-31T00:00:00.000","Pacific","WA","Truck","0","0","0","7482","7482","0"
"2017-03-31T00:00:00.000","Pacific","WA","Passenger","7","9","16","15080","15096","0.1059883412824589295177530472"
"2017-03-31T00:00:00.000","Pend Oreille","WA","Truck","0","0","0","5578","5578","0"
"2017-03-31T00:00:00.000","Pend Oreille","WA","Passenger","1","4","5","9308","9313","0.05368839256952646837753677655"
"2017-03-31T00:00:00.000","Pierce","WA","Passenger","895","844","1739","526458","528197","0.3292332216956930842091113732"
"2017-03-31T00:00:00.000","Pierce","WA","Truck","0","0","0","138212","138212","0"
"2017-03-31T00:00:00.000","San Juan","WA","Passenger","88","35","123","13419","13542","0.9082853345148427115640230394"
"2017-03-31T00:00:00.000","San Juan","WA","Truck","0","0","0","5587","5587","0"
"2017-03-31T00:00:00.000","Skagit","WA","Passenger","120","107","227","87518","87745","0.2587041996694968374266339962"
"2017-03-31T00:00:00.000","Skagit","WA","Truck","1","0","1","31433","31434","0.003181268689953553477126678119"
"2017-03-31T00:00:00.000","Skamania","WA","Passenger","8","8","16","8530","8546","0.1872220922068804118886028551"
"2017-03-31T00:00:00.000","Skamania","WA","Truck","0","0","0","3881","3881","0"
"2017-03-31T00:00:00.000","Snohomish","WA","Truck","1","0","1","122223","122224","0.0008181699175284723131299908365"
"2017-03-31T00:00:00.000","Snohomish","WA","Passenger","1665","937","2602","513403","516005","0.5042586796639567446051879342"
"2017-03-31T00:00:00.000","Spokane","WA","Passenger","237","234","471","295472","295943","0.1591522691869718155185289059"
"2017-03-31T00:00:00.000","Spokane","WA","Truck","1","1","2","90274","90276","0.002215428242279232575656874474"
"2017-03-31T00:00:00.000","Stevens","WA","Truck","0","0","0","18307","18307","0"
"2017-03-31T00:00:00.000","Stevens","WA","Passenger","6","22","28","31284","31312","0.08942258559018906489524782831"
"2017-03-31T00:00:00.000","Thurston","WA","Passenger","374","335","709","185457","186166","0.3808429036451339127445398193"
"2017-03-31T00:00:00.000","Thurston","WA","Truck","0","0","0","53307","53307","0"
"2017-03-31T00:00:00.000","Wahkiakum","WA","Passenger","0","2","2","2850","2852","0.07012622720897615708274894811"
"2017-03-31T00:00:00.000","Wahkiakum","WA","Truck","0","0","0","1636","1636","0"
"2017-03-31T00:00:00.000","Walla Walla","WA","Truck","0","0","0","13187","13187","0"
"2017-03-31T00:00:00.000","Walla Walla","WA","Passenger","20","22","42","34836","34878","0.1204197488388095647686220540"
"2017-03-31T00:00:00.000","Whatcom","WA","Passenger","421","174","595","142260","142855","0.4165062475937139057085856288"
"2017-03-31T00:00:00.000","Whatcom","WA","Truck","2","0","2","41400","41402","0.004830684507994782860731365635"
"2017-03-31T00:00:00.000","Whitman","WA","Truck","0","0","0","8392","8392","0"
"2017-03-31T00:00:00.000","Whitman","WA","Passenger","9","19","28","21956","21984","0.1273653566229985443959243086"
"2017-03-31T00:00:00.000","Yakima","WA","Passenger","36","54","90","159240","159330","0.05648653737525889662963660328"
"2017-03-31T00:00:00.000","Yakima","WA","Truck","0","0","0","57268","57268","0"
"2017-03-31T00:00:00.000","Dane","WI","Passenger","1","0","1","152","153","0.6535947712418300653594771242"
"2017-03-31T00:00:00.000","Ozaukee","WI","Passenger","0","1","1","3","4","25.00"
"2017-03-31T00:00:00.000",,,"Passenger","2","0","2","268","270","0.7407407407407407407407407407"
"2017-04-30T00:00:00.000","Juneau","AK","Passenger","0","1","1","50","51","1.960784313725490196078431373"
"2017-04-30T00:00:00.000","Dale","AL","Passenger","0","1","1","66","67","1.492537313432835820895522388"
"2017-04-30T00:00:00.000","Lee","AL","Passenger","1","0","1","36","37","2.702702702702702702702702703"
"2017-04-30T00:00:00.000","Maricopa","AZ","Passenger","3","1","4","1726","1730","0.2312138728323699421965317919"
"2017-04-30T00:00:00.000","Pima","AZ","Passenger","0","2","2","427","429","0.4662004662004662004662004662"
"2017-04-30T00:00:00.000","Pinal","AZ","Passenger","2","1","3","228","231","1.298701298701298701298701299"
"2017-04-30T00:00:00.000","Alameda","CA","Passenger","2","1","3","371","374","0.8021390374331550802139037433"
"2017-04-30T00:00:00.000","Los Angeles","CA","Passenger","2","1","3","1338","1341","0.2237136465324384787472035794"
"2017-04-30T00:00:00.000","Marin","CA","Passenger","1","0","1","57","58","1.724137931034482758620689655"
"2017-04-30T00:00:00.000","Monterey","CA","Passenger","0","1","1","214","215","0.4651162790697674418604651163"
"2017-04-30T00:00:00.000","Orange","CA","Passenger","2","1","3","633","636","0.4716981132075471698113207547"
"2017-04-30T00:00:00.000","Riverside","CA","Passenger","0","1","1","816","817","0.1223990208078335373317013464"
"2017-04-30T00:00:00.000","San Diego","CA","Passenger","5","2","7","2786","2793","0.2506265664160401002506265664"
"2017-04-30T00:00:00.000","San Mateo","CA","Passenger","0","1","1","160","161","0.6211180124223602484472049689"
"2017-04-30T00:00:00.000","Santa Clara","CA","Passenger","6","2","8","407","415","1.927710843373493975903614458"
"2017-04-30T00:00:00.000","Tulare","CA","Passenger","1","0","1","196","197","0.5076142131979695431472081218"
"2017-04-30T00:00:00.000","Ventura","CA","Passenger","0","1","1","360","361","0.2770083102493074792243767313"
"2017-04-30T00:00:00.000","El Paso","CO","Passenger","0","1","1","830","831","0.1203369434416365824308062575"
"2017-04-30T00:00:00.000","Larimer","CO","Passenger","0","1","1","80","81","1.234567901234567901234567901"
"2017-04-30T00:00:00.000","New London","CT","Passenger","1","1","2","276","278","0.7194244604316546762589928058"
"2017-04-30T00:00:00.000","District of Columbia","DC","Passenger","0","3","3","222","225","1.333333333333333333333333333"
"2017-04-30T00:00:00.000","Duval","FL","Passenger","1","1","2","370","372","0.5376344086021505376344086022"
"2017-04-30T00:00:00.000","Manatee","FL","Passenger","1","0","1","45","46","2.173913043478260869565217391"
"2017-04-30T00:00:00.000","Miami-Dade","FL","Passenger","0","1","1","136","137","0.7299270072992700729927007299"
"2017-04-30T00:00:00.000","Okaloosa","FL","Passenger","1","0","1","189","190","0.5263157894736842105263157895"
"2017-04-30T00:00:00.000","Orange","FL","Passenger","1","1","2","146","148","1.351351351351351351351351351"
"2017-04-30T00:00:00.000","Palm Beach","FL","Passenger","0","1","1","91","92","1.086956521739130434782608696"
"2017-04-30T00:00:00.000","Polk","FL","Passenger","1","0","1","67","68","1.470588235294117647058823529"
"2017-04-30T00:00:00.000","Santa Rosa","FL","Passenger","1","0","1","104","105","0.9523809523809523809523809524"
"2017-04-30T00:00:00.000","St. Lucie","FL","Passenger","1","0","1","29","30","3.333333333333333333333333333"
"2017-04-30T00:00:00.000","Sumter","FL","Passenger","0","1","1","10","11","9.090909090909090909090909091"
"2017-04-30T00:00:00.000","Volusia","FL","Passenger","0","1","1","46","47","2.127659574468085106382978723"
"2017-04-30T00:00:00.000","Cobb","GA","Passenger","0","1","1","71","72","1.388888888888888888888888889"
"2017-04-30T00:00:00.000","DeKalb","GA","Passenger","1","0","1","83","84","1.190476190476190476190476190"
"2017-04-30T00:00:00.000","Fulton","GA","Passenger","1","1","2","115","117","1.709401709401709401709401709"
"2017-04-30T00:00:00.000","Gwinnett","GA","Passenger","0","1","1","86","87","1.149425287356321839080459770"
"2017-04-30T00:00:00.000","Muscogee","GA","Passenger","0","1","1","251","252","0.3968253968253968253968253968"
"2017-04-30T00:00:00.000","Honolulu","HI","Passenger","5","1","6","596","602","0.9966777408637873754152823920"
"2017-04-30T00:00:00.000","Maui","HI","Passenger","1","0","1","72","73","1.369863013698630136986301370"
"2017-04-30T00:00:00.000","Canyon","ID","Passenger","0","1","1","97","98","1.020408163265306122448979592"
"2017-04-30T00:00:00.000","Latah","ID","Passenger","0","1","1","119","120","0.8333333333333333333333333333"
"2017-04-30T00:00:00.000","Madison","ID","Passenger","1","0","1","40","41","2.439024390243902439024390244"
"2017-04-30T00:00:00.000","DeKalb","IN","Passenger","1","0","1","1","2","50.0"
"2017-04-30T00:00:00.000","Hamilton","IN","Passenger","1","0","1","59","60","1.666666666666666666666666667"
"2017-04-30T00:00:00.000","Riley","KS","Passenger","1","0","1","137","138","0.7246376811594202898550724638"
"2017-04-30T00:00:00.000","Hardin","KY","Passenger","0","1","1","123","124","0.8064516129032258064516129032"
"2017-04-30T00:00:00.000","Orleans","LA","Passenger","0","1","1","48","49","2.040816326530612244897959184"
"2017-04-30T00:00:00.000","Franklin","MA","Passenger","0","1","1","4","5","20.0"
"2017-04-30T00:00:00.000","Middlesex","MA","Passenger","1","0","1","147","148","0.6756756756756756756756756757"
"2017-04-30T00:00:00.000","Nantucket","MA","Passenger","1","0","1","2","3","33.33333333333333333333333333"
"2017-04-30T00:00:00.000","Norfolk","MA","Passenger","1","0","1","36","37","2.702702702702702702702702703"
"2017-04-30T00:00:00.000","Anne Arundel","MD","Passenger","0","1","1","512","513","0.1949317738791423001949317739"
"2017-04-30T00:00:00.000","Charles","MD","Passenger","0","1","1","89","90","1.111111111111111111111111111"
"2017-04-30T00:00:00.000","Howard","MD","Passenger","0","1","1","92","93","1.075268817204301075268817204"
"2017-04-30T00:00:00.000","Montgomery","MD","Passenger","1","2","3","308","311","0.9646302250803858520900321543"
"2017-04-30T00:00:00.000","Kent","MI","Passenger","0","1","1","36","37","2.702702702702702702702702703"
"2017-04-30T00:00:00.000","Wayne","MI","Passenger","0","1","1","70","71","1.408450704225352112676056338"
"2017-04-30T00:00:00.000","Dakota","MN","Passenger","0","1","1","37","38","2.631578947368421052631578947"
"2017-04-30T00:00:00.000","Jackson","MO","Passenger","1","0","1","67","68","1.470588235294117647058823529"
"2017-04-30T00:00:00.000","Cascade","MT","Passenger","0","1","1","57","58","1.724137931034482758620689655"
"2017-04-30T00:00:00.000","Gallatin","MT","Passenger","0","1","1","71","72","1.388888888888888888888888889"
"2017-04-30T00:00:00.000","Glacier","MT","Passenger","0","1","1","3","4","25.00"
"2017-04-30T00:00:00.000","Missoula","MT","Passenger","1","0","1","75","76","1.315789473684210526315789474"
"2017-04-30T00:00:00.000","Cumberland","NC","Passenger","1","0","1","628","629","0.1589825119236883942766295707"
"2017-04-30T00:00:00.000","Guilford","NC","Passenger","1","0","1","30","31","3.225806451612903225806451613"
"2017-04-30T00:00:00.000","Harnett","NC","Passenger","1","0","1","270","271","0.3690036900369003690036900369"
"2017-04-30T00:00:00.000","Moore","NC","Passenger","0","1","1","206","207","0.4830917874396135265700483092"
"2017-04-30T00:00:00.000","Carroll","NH","Passenger","0","1","1","0","1","100"
"2017-04-30T00:00:00.000","Bergen","NJ","Passenger","0","2","2","34","36","5.555555555555555555555555556"
"2017-04-30T00:00:00.000","Essex","NJ","Passenger","1","0","1","15","16","6.2500"
"2017-04-30T00:00:00.000","Morris","NJ","Passenger","1","0","1","23","24","4.166666666666666666666666667"
"2017-04-30T00:00:00.000","Santa Fe","NM","Passenger","0","1","1","42","43","2.325581395348837209302325581"
"2017-04-30T00:00:00.000","Clark","NV","Passenger","1","2","3","837","840","0.3571428571428571428571428571"
"2017-04-30T00:00:00.000","Jefferson","NY","Passenger","1","1","2","261","263","0.7604562737642585551330798479"
"2017-04-30T00:00:00.000","Lewis","NY","Passenger","0","1","1","10","11","9.090909090909090909090909091"
"2017-04-30T00:00:00.000","Monroe","NY","Passenger","1","0","1","28","29","3.448275862068965517241379310"
"2017-04-30T00:00:00.000","Nassau","NY","Passenger","0","1","1","39","40","2.500"
"2017-04-30T00:00:00.000","Saratoga","NY","Passenger","1","1","2","76","78","2.564102564102564102564102564"
"2017-04-30T00:00:00.000","Franklin","OH","Passenger","0","1","1","127","128","0.7812500"
"2017-04-30T00:00:00.000","Clackamas","OR","Passenger","1","1","2","320","322","0.6211180124223602484472049689"
"2017-04-30T00:00:00.000","Deschutes","OR","Passenger","1","0","1","192","193","0.5181347150259067357512953368"
"2017-04-30T00:00:00.000","Douglas","OR","Passenger","0","1","1","74","75","1.333333333333333333333333333"
"2017-04-30T00:00:00.000","Lane","OR","Passenger","0","1","1","243","244","0.4098360655737704918032786885"
"2017-04-30T00:00:00.000","Marion","OR","Passenger","1","0","1","175","176","0.5681818181818181818181818182"
"2017-04-30T00:00:00.000","Multnomah","OR","Passenger","0","3","3","1051","1054","0.2846299810246679316888045541"
"2017-04-30T00:00:00.000","Allegheny","PA","Passenger","1","0","1","88","89","1.123595505617977528089887640"
"2017-04-30T00:00:00.000","Montgomery","PA","Passenger","1","0","1","37","38","2.631578947368421052631578947"
"2017-04-30T00:00:00.000","Northampton","PA","Passenger","2","0","2","194","196","1.020408163265306122448979592"
"2017-04-30T00:00:00.000","Hamilton","TN","Passenger","1","0","1","24","25","4.00"
"2017-04-30T00:00:00.000","Knox","TN","Passenger","1","0","1","39","40","2.500"
"2017-04-30T00:00:00.000","Montgomery","TN","Passenger","1","0","1","289","290","0.3448275862068965517241379310"
"2017-04-30T00:00:00.000","Shelby","TN","Passenger","0","1","1","112","113","0.8849557522123893805309734513"
"2017-04-30T00:00:00.000","Bexar","TX","Passenger","1","0","1","1022","1023","0.09775171065493646138807429130"
"2017-04-30T00:00:00.000","Dallas","TX","Passenger","0","1","1","189","190","0.5263157894736842105263157895"
"2017-04-30T00:00:00.000","Hidalgo","TX","Passenger","0","1","1","98","99","1.010101010101010101010101010"
"2017-04-30T00:00:00.000","Nueces","TX","Passenger","0","1","1","99","100","1.00"
"2017-04-30T00:00:00.000","Tarrant","TX","Passenger","0","2","2","269","271","0.7380073800738007380073800738"
"2017-04-30T00:00:00.000","Travis","TX","Passenger","0","1","1","191","192","0.5208333333333333333333333333"
"2017-04-30T00:00:00.000","Salt Lake","UT","Passenger","0","1","1","284","285","0.3508771929824561403508771930"
"2017-04-30T00:00:00.000","Utah","UT","Passenger","0","1","1","156","157","0.6369426751592356687898089172"
"2017-04-30T00:00:00.000","Albemarle","VA","Passenger","0","1","1","32","33","3.030303030303030303030303030"
"2017-04-30T00:00:00.000","Alexandria","VA","Passenger","2","0","2","180","182","1.098901098901098901098901099"
"2017-04-30T00:00:00.000","Arlington","VA","Passenger","1","1","2","166","168","1.190476190476190476190476190"
"2017-04-30T00:00:00.000","Fairfax","VA","Passenger","2","3","5","862","867","0.5767012687427912341407151096"
"2017-04-30T00:00:00.000","Manassas","VA","Passenger","0","1","1","10","11","9.090909090909090909090909091"
"2017-04-30T00:00:00.000","Norfolk","VA","Passenger","1","1","2","301","303","0.6600660066006600660066006601"
"2017-04-30T00:00:00.000","Prince William","VA","Passenger","0","3","3","267","270","1.111111111111111111111111111"
"2017-04-30T00:00:00.000","Virginia Beach","VA","Passenger","2","1","3","635","638","0.4702194357366771159874608150"
"2017-04-30T00:00:00.000","Adams","WA","Passenger","2","3","5","12133","12138","0.04119294776734223101005107926"
"2017-04-30T00:00:00.000","Adams","WA","Truck","0","0","0","5074","5074","0"
"2017-04-30T00:00:00.000","Asotin","WA","Truck","0","0","0","6508","6508","0"
"2017-04-30T00:00:00.000","Asotin","WA","Passenger","6","3","9","12346","12355","0.07284500202347227842978551194"
"2017-04-30T00:00:00.000","Benton","WA","Truck","0","0","0","39901","39901","0"
"2017-04-30T00:00:00.000","Benton","WA","Passenger","145","145","290","128088","128378","0.2258954026390814625558896384"
"2017-04-30T00:00:00.000","Chelan","WA","Truck","0","0","0","21215","21215","0"
"2017-04-30T00:00:00.000","Chelan","WA","Passenger","55","31","86","51705","51791","0.1660520167596686683014423355"
"2017-04-30T00:00:00.000","Clallam","WA","Passenger","83","72","155","48119","48274","0.3210838132327961221361395368"
"2017-04-30T00:00:00.000","Clallam","WA","Truck","0","0","0","20965","20965","0"
"2017-04-30T00:00:00.000","Clark","WA","Passenger","766","494","1260","298498","299758","0.4203390735193055731623509631"
"2017-04-30T00:00:00.000","Clark","WA","Truck","0","0","0","77566","77566","0"
"2017-04-30T00:00:00.000","Columbia","WA","Passenger","0","1","1","2359","2360","0.04237288135593220338983050847"
"2017-04-30T00:00:00.000","Columbia","WA","Truck","0","0","0","1536","1536","0"
"2017-04-30T00:00:00.000","Cowlitz","WA","Passenger","54","56","110","69321","69431","0.1584306721781336866817415852"
"2017-04-30T00:00:00.000","Cowlitz","WA","Truck","0","0","0","27864","27864","0"
"2017-04-30T00:00:00.000","Douglas","WA","Passenger","31","21","52","26598","26650","0.1951219512195121951219512195"
"2017-04-30T00:00:00.000","Douglas","WA","Truck","0","0","0","11452","11452","0"
"2017-04-30T00:00:00.000","Ferry","WA","Truck","0","0","0","3550","3550","0"
"2017-04-30T00:00:00.000","Ferry","WA","Passenger","2","1","3","4398","4401","0.06816632583503749147920927062"
"2017-04-30T00:00:00.000","Franklin","WA","Passenger","28","48","76","55354","55430","0.1371098683023633411510012629"
"2017-04-30T00:00:00.000","Franklin","WA","Truck","0","0","0","17993","17993","0"
"2017-04-30T00:00:00.000","Garfield","WA","Truck","0","0","0","938","938","0"
"2017-04-30T00:00:00.000","Garfield","WA","Passenger","0","0","0","1283","1283","0"
"2017-04-30T00:00:00.000","Grant","WA","Passenger","19","25","44","60511","60555","0.07266121707538601271571298819"
"2017-04-30T00:00:00.000","Grant","WA","Truck","0","0","0","25093","25093","0"
"2017-04-30T00:00:00.000","Grays Harbor","WA","Passenger","31","34","65","44465","44530","0.1459690096564114080395239165"
"2017-04-30T00:00:00.000","Grays Harbor","WA","Truck","0","0","0","19851","19851","0"
"2017-04-30T00:00:00.000","Island","WA","Passenger","112","134","246","59773","60019","0.4098702077675402789116779686"
"2017-04-30T00:00:00.000","Island","WA","Truck","0","0","0","20523","20523","0"
"2017-04-30T00:00:00.000","Jefferson","WA","Truck","0","0","0","9445","9445","0"
"2017-04-30T00:00:00.000","Jefferson","WA","Passenger","100","60","160","23751","23911","0.6691480908368533311028396972"
"2017-04-30T00:00:00.000","King","WA","Passenger","9616","4241","13857","1378659","1392516","0.9951052627043423558508483924"
"2017-04-30T00:00:00.000","King","WA","Truck","8","1","9","188995","189004","0.004761803982984487100802099426"
"2017-04-30T00:00:00.000","Kitsap","WA","Passenger","609","313","922","172698","173620","0.5310448105057021080520677341"
"2017-04-30T00:00:00.000","Kitsap","WA","Truck","1","0","1","52330","52331","0.001910913225430433204028205079"
"2017-04-30T00:00:00.000","Kittitas","WA","Passenger","21","17","38","27201","27239","0.1395058555747274129006204339"
"2017-04-30T00:00:00.000","Kittitas","WA","Truck","0","0","0","13482","13482","0"
"2017-04-30T00:00:00.000","Klickitat","WA","Truck","0","0","0","7957","7957","0"
"2017-04-30T00:00:00.000","Klickitat","WA","Passenger","23","25","48","14769","14817","0.3239522170479854221502328407"
"2017-04-30T00:00:00.000","Lewis","WA","Truck","0","0","0","24801","24801","0"
"2017-04-30T00:00:00.000","Lewis","WA","Passenger","49","44","93","55185","55278","0.1682405296863128188429393249"
"2017-04-30T00:00:00.000","Lincoln","WA","Truck","0","0","0","4465","4465","0"
"2017-04-30T00:00:00.000","Lincoln","WA","Passenger","2","5","7","7481","7488","0.09348290598290598290598290598"
"2017-04-30T00:00:00.000","Mason","WA","Passenger","54","62","116","43002","43118","0.2690291757502667099587179368"
"2017-04-30T00:00:00.000","Mason","WA","Truck","0","0","0","19242","19242","0"
"2017-04-30T00:00:00.000","Okanogan","WA","Passenger","3","16","19","25593","25612","0.07418397626112759643916913947"
"2017-04-30T00:00:00.000","Okanogan","WA","Truck","0","0","0","16260","16260","0"
"2017-04-30T00:00:00.000","Pacific","WA","Passenger","12","9","21","15081","15102","0.1390544298768375049662296385"
"2017-04-30T00:00:00.000","Pacific","WA","Truck","0","0","0","7466","7466","0"
"2017-04-30T00:00:00.000","Pend Oreille","WA","Truck","0","0","0","5581","5581","0"
"2017-04-30T00:00:00.000","Pend Oreille","WA","Passenger","2","4","6","9320","9326","0.06433626420759167917649581814"
"2017-04-30T00:00:00.000","Pierce","WA","Passenger","959","869","1828","525812","527640","0.3464483359866575695549996210"
"2017-04-30T00:00:00.000","Pierce","WA","Truck","0","0","0","137855","137855","0"
"2017-04-30T00:00:00.000","San Juan","WA","Passenger","98","36","134","13476","13610","0.9845701689933872152828802351"
"2017-04-30T00:00:00.000","San Juan","WA","Truck","0","0","0","5555","5555","0"
"2017-04-30T00:00:00.000","Skagit","WA","Passenger","128","113","241","87595","87836","0.2743749715378660230429436677"
"2017-04-30T00:00:00.000","Skagit","WA","Truck","1","0","1","31404","31405","0.003184206336570609775513453272"
"2017-04-30T00:00:00.000","Skamania","WA","Truck","0","0","0","3873","3873","0"
"2017-04-30T00:00:00.000","Skamania","WA","Passenger","9","8","17","8521","8538","0.1991098617943312251112672757"
"2017-04-30T00:00:00.000","Snohomish","WA","Truck","1","0","1","122029","122030","0.0008194706219782020814553798246"
"2017-04-30T00:00:00.000","Snohomish","WA","Passenger","1732","949","2681","512759","515440","0.5201381344094365978581406177"
"2017-04-30T00:00:00.000","Spokane","WA","Truck","1","1","2","90285","90287","0.002215158328441525358024964834"
"2017-04-30T00:00:00.000","Spokane","WA","Passenger","244","241","485","295763","296248","0.1637141854122221922173314250"
"2017-04-30T00:00:00.000","Stevens","WA","Passenger","8","24","32","31232","31264","0.1023541453428863868986693961"
"2017-04-30T00:00:00.000","Stevens","WA","Truck","0","0","0","18283","18283","0"
"2017-04-30T00:00:00.000","Thurston","WA","Truck","0","0","0","53265","53265","0"
"2017-04-30T00:00:00.000","Thurston","WA","Passenger","405","341","746","185750","186496","0.4000085792724776938915579959"
"2017-04-30T00:00:00.000","Wahkiakum","WA","Truck","0","0","0","1632","1632","0"
"2017-04-30T00:00:00.000","Wahkiakum","WA","Passenger","1","2","3","2848","2851","0.1052262364082777972641178534"
"2017-04-30T00:00:00.000","Walla Walla","WA","Truck","0","0","0","13177","13177","0"
"2017-04-30T00:00:00.000","Walla Walla","WA","Passenger","22","24","46","34842","34888","0.1318504930061912405411602843"
"2017-04-30T00:00:00.000","Whatcom","WA","Passenger","449","177","626","142482","143108","0.4374318696369175727422645834"
"2017-04-30T00:00:00.000","Whatcom","WA","Truck","2","0","2","41458","41460","0.004823926676314520019295706705"
"2017-04-30T00:00:00.000","Whitman","WA","Passenger","9","20","29","21983","22012","0.1317463201889878248228239142"
"2017-04-30T00:00:00.000","Whitman","WA","Truck","0","0","0","8383","8383","0"
"2017-04-30T00:00:00.000","Yakima","WA","Truck","0","0","0","57221","57221","0"
"2017-04-30T00:00:00.000","Yakima","WA","Passenger","41","58","99","159291","159390","0.06211180124223602484472049689"
"2017-04-30T00:00:00.000","Dane","WI","Passenger","1","0","1","137","138","0.7246376811594202898550724638"
"2017-04-30T00:00:00.000","Ozaukee","WI","Passenger","0","1","1","3","4","25.00"
"2017-04-30T00:00:00.000",,,"Passenger","2","0","2","265","267","0.7490636704119850187265917603"
"2017-05-31T00:00:00.000","Juneau","AK","Passenger","0","1","1","46","47","2.127659574468085106382978723"
"2017-05-31T00:00:00.000","Dale","AL","Passenger","0","1","1","65","66","1.515151515151515151515151515"
"2017-05-31T00:00:00.000","Lee","AL","Passenger","1","0","1","37","38","2.631578947368421052631578947"
"2017-05-31T00:00:00.000","Maricopa","AZ","Passenger","3","1","4","1708","1712","0.2336448598130841121495327103"
"2017-05-31T00:00:00.000","Pima","AZ","Passenger","0","2","2","429","431","0.4640371229698375870069605568"
"2017-05-31T00:00:00.000","Pinal","AZ","Passenger","2","1","3","227","230","1.304347826086956521739130435"
"2017-05-31T00:00:00.000","Alameda","CA","Passenger","1","1","2","364","366","0.5464480874316939890710382514"
"2017-05-31T00:00:00.000","Los Angeles","CA","Passenger","2","1","3","1315","1318","0.2276176024279210925644916540"
"2017-05-31T00:00:00.000","Marin","CA","Passenger","1","0","1","55","56","1.785714285714285714285714286"
"2017-05-31T00:00:00.000","Monterey","CA","Passenger","0","1","1","213","214","0.4672897196261682242990654206"
"2017-05-31T00:00:00.000","Orange","CA","Passenger","3","1","4","631","635","0.6299212598425196850393700787"
"2017-05-31T00:00:00.000","Riverside","CA","Passenger","0","1","1","806","807","0.1239157372986369268897149938"
"2017-05-31T00:00:00.000","San Diego","CA","Passenger","5","2","7","2766","2773","0.2524341868012982329606923909"
"2017-05-31T00:00:00.000","San Mateo","CA","Passenger","0","1","1","158","159","0.6289308176100628930817610063"
"2017-05-31T00:00:00.000","Santa Clara","CA","Passenger","5","2","7","398","405","1.728395061728395061728395062"
"2017-05-31T00:00:00.000","Tulare","CA","Passenger","1","0","1","194","195","0.5128205128205128205128205128"
"2017-05-31T00:00:00.000","Ventura","CA","Passenger","0","1","1","359","360","0.2777777777777777777777777778"
"2017-05-31T00:00:00.000","El Paso","CO","Passenger","1","1","2","817","819","0.2442002442002442002442002442"
"2017-05-31T00:00:00.000","Larimer","CO","Passenger","0","1","1","77","78","1.282051282051282051282051282"
"2017-05-31T00:00:00.000","New London","CT","Passenger","1","1","2","272","274","0.7299270072992700729927007299"
"2017-05-31T00:00:00.000","District of Columbia","DC","Passenger","0","3","3","218","221","1.357466063348416289592760181"
"2017-05-31T00:00:00.000","Kent","DE","Passenger","0","1","1","75","76","1.315789473684210526315789474"
"2017-05-31T00:00:00.000","New Castle","DE","Passenger","1","0","1","24","25","4.00"
"2017-05-31T00:00:00.000","Duval","FL","Passenger","1","1","2","371","373","0.5361930294906166219839142091"
"2017-05-31T00:00:00.000","Manatee","FL","Passenger","1","0","1","44","45","2.222222222222222222222222222"
"2017-05-31T00:00:00.000","Miami-Dade","FL","Passenger","0","1","1","134","135","0.7407407407407407407407407407"
"2017-05-31T00:00:00.000","Okaloosa","FL","Passenger","1","0","1","180","181","0.5524861878453038674033149171"
"2017-05-31T00:00:00.000","Orange","FL","Passenger","1","1","2","139","141","1.418439716312056737588652482"
"2017-05-31T00:00:00.000","Palm Beach","FL","Passenger","0","1","1","89","90","1.111111111111111111111111111"
"2017-05-31T00:00:00.000","Polk","FL","Passenger","1","0","1","66","67","1.492537313432835820895522388"
"2017-05-31T00:00:00.000","Santa Rosa","FL","Passenger","1","0","1","105","106","0.9433962264150943396226415094"
"2017-05-31T00:00:00.000","St. Lucie","FL","Passenger","1","0","1","29","30","3.333333333333333333333333333"
"2017-05-31T00:00:00.000","Sumter","FL","Passenger","0","1","1","10","11","9.090909090909090909090909091"
"2017-05-31T00:00:00.000","Volusia","FL","Passenger","0","1","1","44","45","2.222222222222222222222222222"
"2017-05-31T00:00:00.000","Camden","GA","Passenger","0","1","1","182","183","0.5464480874316939890710382514"
"2017-05-31T00:00:00.000","Cobb","GA","Passenger","0","1","1","71","72","1.388888888888888888888888889"
"2017-05-31T00:00:00.000","DeKalb","GA","Passenger","1","0","1","82","83","1.204819277108433734939759036"
"2017-05-31T00:00:00.000","Fulton","GA","Passenger","1","0","1","113","114","0.8771929824561403508771929825"
"2017-05-31T00:00:00.000","Gwinnett","GA","Passenger","0","1","1","85","86","1.162790697674418604651162791"
"2017-05-31T00:00:00.000","Muscogee","GA","Passenger","0","1","1","248","249","0.4016064257028112449799196787"
"2017-05-31T00:00:00.000","Honolulu","HI","Passenger","4","1","5","594","599","0.8347245409015025041736227045"
"2017-05-31T00:00:00.000","Maui","HI","Passenger","1","0","1","73","74","1.351351351351351351351351351"
"2017-05-31T00:00:00.000","Canyon","ID","Passenger","0","1","1","97","98","1.020408163265306122448979592"
"2017-05-31T00:00:00.000","Latah","ID","Passenger","0","1","1","109","110","0.9090909090909090909090909091"
"2017-05-31T00:00:00.000","Madison","ID","Passenger","1","0","1","40","41","2.439024390243902439024390244"
"2017-05-31T00:00:00.000","Twin Falls","ID","Passenger","0","1","1","22","23","4.347826086956521739130434783"
"2017-05-31T00:00:00.000","DeKalb","IN","Passenger","1","0","1","1","2","50.0"
"2017-05-31T00:00:00.000","Hamilton","IN","Passenger","1","0","1","60","61","1.639344262295081967213114754"
"2017-05-31T00:00:00.000","Riley","KS","Passenger","1","0","1","135","136","0.7352941176470588235294117647"
"2017-05-31T00:00:00.000","Hardin","KY","Passenger","0","1","1","122","123","0.8130081300813008130081300813"
"2017-05-31T00:00:00.000","Orleans","LA","Passenger","0","1","1","48","49","2.040816326530612244897959184"
"2017-05-31T00:00:00.000","Franklin","MA","Passenger","0","1","1","4","5","20.0"
"2017-05-31T00:00:00.000","Middlesex","MA","Passenger","1","0","1","145","146","0.6849315068493150684931506849"
"2017-05-31T00:00:00.000","Nantucket","MA","Passenger","1","0","1","2","3","33.33333333333333333333333333"
"2017-05-31T00:00:00.000","Norfolk","MA","Passenger","1","0","1","36","37","2.702702702702702702702702703"
"2017-05-31T00:00:00.000","Anne Arundel","MD","Passenger","0","1","1","513","514","0.1945525291828793774319066148"
"2017-05-31T00:00:00.000","Charles","MD","Passenger","0","1","1","88","89","1.123595505617977528089887640"
"2017-05-31T00:00:00.000","Howard","MD","Passenger","0","1","1","92","93","1.075268817204301075268817204"
"2017-05-31T00:00:00.000","Montgomery","MD","Passenger","1","2","3","304","307","0.9771986970684039087947882736"
"2017-05-31T00:00:00.000","Kent","MI","Passenger","0","1","1","34","35","2.857142857142857142857142857"
"2017-05-31T00:00:00.000","Wayne","MI","Passenger","0","1","1","68","69","1.449275362318840579710144928"
"2017-05-31T00:00:00.000","Dakota","MN","Passenger","0","1","1","37","38","2.631578947368421052631578947"
"2017-05-31T00:00:00.000","Ramsey","MN","Passenger","1","0","1","37","38","2.631578947368421052631578947"
"2017-05-31T00:00:00.000","Jackson","MO","Passenger","1","0","1","62","63","1.587301587301587301587301587"
"2017-05-31T00:00:00.000","Cascade","MT","Passenger","0","1","1","57","58","1.724137931034482758620689655"
"2017-05-31T00:00:00.000","Flathead","MT","Passenger","1","0","1","64","65","1.538461538461538461538461538"
"2017-05-31T00:00:00.000","Gallatin","MT","Passenger","0","1","1","67","68","1.470588235294117647058823529"
"2017-05-31T00:00:00.000","Glacier","MT","Passenger","0","1","1","3","4","25.00"
"2017-05-31T00:00:00.000","Missoula","MT","Passenger","1","0","1","71","72","1.388888888888888888888888889"
"2017-05-31T00:00:00.000","Cumberland","NC","Passenger","1","0","1","606","607","0.1647446457990115321252059308"
"2017-05-31T00:00:00.000","Harnett","NC","Passenger","1","0","1","276","277","0.3610108303249097472924187726"
"2017-05-31T00:00:00.000","Moore","NC","Passenger","0","1","1","202","203","0.4926108374384236453201970443"
"2017-05-31T00:00:00.000","Carroll","NH","Passenger","0","1","1","0","1","100"
"2017-05-31T00:00:00.000","Bergen","NJ","Passenger","0","2","2","33","35","5.714285714285714285714285714"
"2017-05-31T00:00:00.000","Essex","NJ","Passenger","1","0","1","14","15","6.666666666666666666666666667"
"2017-05-31T00:00:00.000","Morris","NJ","Passenger","1","0","1","25","26","3.846153846153846153846153846"
"2017-05-31T00:00:00.000","Santa Fe","NM","Passenger","0","1","1","44","45","2.222222222222222222222222222"
"2017-05-31T00:00:00.000","Clark","NV","Passenger","1","1","2","827","829","0.2412545235223160434258142340"
"2017-05-31T00:00:00.000","Jefferson","NY","Passenger","1","1","2","260","262","0.7633587786259541984732824427"
"2017-05-31T00:00:00.000","Monroe","NY","Passenger","1","0","1","27","28","3.571428571428571428571428571"
"2017-05-31T00:00:00.000","Nassau","NY","Passenger","0","1","1","38","39","2.564102564102564102564102564"
"2017-05-31T00:00:00.000","Saratoga","NY","Passenger","1","1","2","74","76","2.631578947368421052631578947"
"2017-05-31T00:00:00.000","Franklin","OH","Passenger","0","1","1","124","125","0.800"
"2017-05-31T00:00:00.000","Clackamas","OR","Passenger","1","1","2","301","303","0.6600660066006600660066006601"
"2017-05-31T00:00:00.000","Deschutes","OR","Passenger","1","0","1","188","189","0.5291005291005291005291005291"
"2017-05-31T00:00:00.000","Lane","OR","Passenger","0","1","1","239","240","0.4166666666666666666666666667"
"2017-05-31T00:00:00.000","Marion","OR","Passenger","1","0","1","166","167","0.5988023952095808383233532934"
"2017-05-31T00:00:00.000","Multnomah","OR","Passenger","1","3","4","1012","1016","0.3937007874015748031496062992"
"2017-05-31T00:00:00.000","Allegheny","PA","Passenger","1","0","1","88","89","1.123595505617977528089887640"
"2017-05-31T00:00:00.000","Montgomery","PA","Passenger","1","0","1","35","36","2.777777777777777777777777778"
"2017-05-31T00:00:00.000","Northampton","PA","Passenger","1","0","1","170","171","0.5847953216374269005847953216"
"2017-05-31T00:00:00.000","Hamilton","TN","Passenger","1","0","1","21","22","4.545454545454545454545454545"
"2017-05-31T00:00:00.000","Knox","TN","Passenger","1","0","1","38","39","2.564102564102564102564102564"
"2017-05-31T00:00:00.000","Montgomery","TN","Passenger","1","0","1","279","280","0.3571428571428571428571428571"
"2017-05-31T00:00:00.000","Shelby","TN","Passenger","0","1","1","112","113","0.8849557522123893805309734513"
"2017-05-31T00:00:00.000","Bexar","TX","Passenger","1","0","1","969","970","0.1030927835051546391752577320"
"2017-05-31T00:00:00.000","Dallas","TX","Passenger","0","1","1","179","180","0.5555555555555555555555555556"
"2017-05-31T00:00:00.000","Hidalgo","TX","Passenger","0","1","1","99","100","1.00"
"2017-05-31T00:00:00.000","Nueces","TX","Passenger","0","1","1","99","100","1.00"
"2017-05-31T00:00:00.000","Travis","TX","Passenger","0","1","1","189","190","0.5263157894736842105263157895"
"2017-05-31T00:00:00.000","Salt Lake","UT","Passenger","0","1","1","270","271","0.3690036900369003690036900369"
"2017-05-31T00:00:00.000","Utah","UT","Passenger","0","1","1","155","156","0.6410256410256410256410256410"
"2017-05-31T00:00:00.000","Albemarle","VA","Passenger","0","1","1","32","33","3.030303030303030303030303030"
"2017-05-31T00:00:00.000","Alexandria","VA","Passenger","2","0","2","182","184","1.086956521739130434782608696"
"2017-05-31T00:00:00.000","Arlington","VA","Passenger","1","1","2","167","169","1.183431952662721893491124260"
"2017-05-31T00:00:00.000","Fairfax","VA","Passenger","2","3","5","863","868","0.5760368663594470046082949309"
"2017-05-31T00:00:00.000","Manassas","VA","Passenger","0","1","1","9","10","10.0"
"2017-05-31T00:00:00.000","Norfolk","VA","Passenger","1","1","2","306","308","0.6493506493506493506493506494"
"2017-05-31T00:00:00.000","Prince William","VA","Passenger","0","3","3","268","271","1.107011070110701107011070111"
"2017-05-31T00:00:00.000","Virginia Beach","VA","Passenger","2","1","3","648","651","0.4608294930875576036866359447"
"2017-05-31T00:00:00.000","Adams","WA","Passenger","2","3","5","12202","12207","0.04096010485786843614319652658"
"2017-05-31T00:00:00.000","Adams","WA","Truck","0","0","0","5081","5081","0"
"2017-05-31T00:00:00.000","Asotin","WA","Passenger","6","4","10","12380","12390","0.08071025020177562550443906376"
"2017-05-31T00:00:00.000","Asotin","WA","Truck","0","0","0","6495","6495","0"
"2017-05-31T00:00:00.000","Benton","WA","Passenger","148","147","295","128294","128589","0.2294130913219637760617160099"
"2017-05-31T00:00:00.000","Benton","WA","Truck","0","0","0","39984","39984","0"
"2017-05-31T00:00:00.000","Chelan","WA","Passenger","60","36","96","51888","51984","0.1846722068328716528162511542"
"2017-05-31T00:00:00.000","Chelan","WA","Truck","0","0","0","21258","21258","0"
"2017-05-31T00:00:00.000","Clallam","WA","Passenger","87","79","166","48194","48360","0.3432588916459884201819685691"
"2017-05-31T00:00:00.000","Clallam","WA","Truck","0","0","0","20962","20962","0"
"2017-05-31T00:00:00.000","Clark","WA","Passenger","786","516","1302","298811","300113","0.4338365882184377217914585506"
"2017-05-31T00:00:00.000","Clark","WA","Truck","0","0","0","77605","77605","0"
"2017-05-31T00:00:00.000","Columbia","WA","Truck","0","0","0","1537","1537","0"
"2017-05-31T00:00:00.000","Columbia","WA","Passenger","0","1","1","2359","2360","0.04237288135593220338983050847"
"2017-05-31T00:00:00.000","Cowlitz","WA","Passenger","56","58","114","69537","69651","0.1636731705216005513201533359"
"2017-05-31T00:00:00.000","Cowlitz","WA","Truck","0","0","0","27882","27882","0"
"2017-05-31T00:00:00.000","Douglas","WA","Passenger","32","23","55","26678","26733","0.2057382261624209778176785247"
"2017-05-31T00:00:00.000","Douglas","WA","Truck","0","0","0","11483","11483","0"
"2017-05-31T00:00:00.000","Ferry","WA","Truck","0","0","0","3545","3545","0"
"2017-05-31T00:00:00.000","Ferry","WA","Passenger","1","1","2","4410","4412","0.04533091568449682683590208522"
"2017-05-31T00:00:00.000","Franklin","WA","Truck","0","0","0","18090","18090","0"
"2017-05-31T00:00:00.000","Franklin","WA","Passenger","30","45","75","55466","55541","0.1350353792693685745665364325"
"2017-05-31T00:00:00.000","Garfield","WA","Passenger","0","0","0","1288","1288","0"
"2017-05-31T00:00:00.000","Garfield","WA","Truck","0","0","0","932","932","0"
"2017-05-31T00:00:00.000","Grant","WA","Truck","0","0","0","25225","25225","0"
"2017-05-31T00:00:00.000","Grant","WA","Passenger","21","29","50","60695","60745","0.08231130134167421186928965347"
"2017-05-31T00:00:00.000","Grays Harbor","WA","Truck","0","0","0","19898","19898","0"
"2017-05-31T00:00:00.000","Grays Harbor","WA","Passenger","33","34","67","44504","44571","0.1503219582239572816405285948"
"2017-05-31T00:00:00.000","Island","WA","Passenger","118","135","253","59923","60176","0.4204333953735708588141451742"
"2017-05-31T00:00:00.000","Island","WA","Truck","0","0","0","20530","20530","0"
"2017-05-31T00:00:00.000","Jefferson","WA","Passenger","106","63","169","23825","23994","0.7043427523547553555055430524"
"2017-05-31T00:00:00.000","Jefferson","WA","Truck","0","0","0","9443","9443","0"
"2017-05-31T00:00:00.000","King","WA","Truck","8","1","9","188323","188332","0.004778794894123144234649448846"
"2017-05-31T00:00:00.000","King","WA","Passenger","9886","4346","14232","1377220","1391452","1.022816453603861290220575341"
"2017-05-31T00:00:00.000","Kitsap","WA","Truck","1","0","1","52399","52400","0.001908396946564885496183206107"
"2017-05-31T00:00:00.000","Kitsap","WA","Passenger","628","317","945","172862","173807","0.5437065250536514639801619037"
"2017-05-31T00:00:00.000","Kittitas","WA","Truck","0","0","0","13534","13534","0"
"2017-05-31T00:00:00.000","Kittitas","WA","Passenger","23","17","40","27355","27395","0.1460120459937944880452637343"
"2017-05-31T00:00:00.000","Klickitat","WA","Passenger","23","26","49","14788","14837","0.3302554424748938464649187841"
"2017-05-31T00:00:00.000","Klickitat","WA","Truck","0","0","0","7971","7971","0"
"2017-05-31T00:00:00.000","Lewis","WA","Passenger","52","43","95","55355","55450","0.1713255184851217312894499549"
"2017-05-31T00:00:00.000","Lewis","WA","Truck","0","0","0","24825","24825","0"
"2017-05-31T00:00:00.000","Lincoln","WA","Truck","0","0","0","4460","4460","0"
"2017-05-31T00:00:00.000","Lincoln","WA","Passenger","2","6","8","7507","7515","0.1064537591483699268130405855"
"2017-05-31T00:00:00.000","Mason","WA","Passenger","56","65","121","43298","43419","0.2786798406227688339206338239"
"2017-05-31T00:00:00.000","Mason","WA","Truck","0","0","0","19266","19266","0"
"2017-05-31T00:00:00.000","Okanogan","WA","Truck","0","0","0","16219","16219","0"
"2017-05-31T00:00:00.000","Okanogan","WA","Passenger","3","16","19","25687","25706","0.07391270520501050338442386991"
"2017-05-31T00:00:00.000","Pacific","WA","Truck","0","0","0","7462","7462","0"
"2017-05-31T00:00:00.000","Pacific","WA","Passenger","13","8","21","15136","15157","0.1385498449561258824305601372"
"2017-05-31T00:00:00.000","Pend Oreille","WA","Truck","0","0","0","5559","5559","0"
"2017-05-31T00:00:00.000","Pend Oreille","WA","Passenger","3","4","7","9313","9320","0.07510729613733905579399141631"
"2017-05-31T00:00:00.000","Pierce","WA","Passenger","988","886","1874","525276","527150","0.3554965379872901451199848241"
"2017-05-31T00:00:00.000","Pierce","WA","Truck","0","0","0","137721","137721","0"
"2017-05-31T00:00:00.000","San Juan","WA","Truck","0","0","0","5545","5545","0"
"2017-05-31T00:00:00.000","San Juan","WA","Passenger","104","40","144","13494","13638","1.055873295204575450945886494"
"2017-05-31T00:00:00.000","Skagit","WA","Passenger","141","118","259","87848","88107","0.2939607522671297399752573575"
"2017-05-31T00:00:00.000","Skagit","WA","Truck","1","0","1","31398","31399","0.003184814803019204433262205803"
"2017-05-31T00:00:00.000","Skamania","WA","Passenger","9","7","16","8532","8548","0.1871782873186710341600374357"
"2017-05-31T00:00:00.000","Skamania","WA","Truck","0","0","0","3862","3862","0"
"2017-05-31T00:00:00.000","Snohomish","WA","Passenger","1771","955","2726","512611","515337","0.5289742440383671267539493574"
"2017-05-31T00:00:00.000","Snohomish","WA","Truck","1","0","1","121887","121888","0.0008204253084799159884484116566"
"2017-05-31T00:00:00.000","Spokane","WA","Passenger","255","244","499","296396","296895","0.1680728877212482527492884690"
"2017-05-31T00:00:00.000","Spokane","WA","Truck","1","0","1","90350","90351","0.001106794612123828181204413897"
"2017-05-31T00:00:00.000","Stevens","WA","Passenger","8","25","33","31329","31362","0.1052228811938014157260378802"
"2017-05-31T00:00:00.000","Stevens","WA","Truck","0","0","0","18250","18250","0"
"2017-05-31T00:00:00.000","Thurston","WA","Passenger","415","356","771","186078","186849","0.4126326605975948493168280269"
"2017-05-31T00:00:00.000","Thurston","WA","Truck","0","0","0","53255","53255","0"
"2017-05-31T00:00:00.000","Wahkiakum","WA","Passenger","1","2","3","2837","2840","0.1056338028169014084507042254"
"2017-05-31T00:00:00.000","Wahkiakum","WA","Truck","0","0","0","1644","1644","0"
"2017-05-31T00:00:00.000","Walla Walla","WA","Passenger","23","24","47","34871","34918","0.1346010653531130076178475285"
"2017-05-31T00:00:00.000","Walla Walla","WA","Truck","0","0","0","13189","13189","0"
"2017-05-31T00:00:00.000","Whatcom","WA","Truck","2","0","2","41527","41529","0.004815911772496327867273471550"
"2017-05-31T00:00:00.000","Whatcom","WA","Passenger","464","185","649","142708","143357","0.4527159469017906345696408267"
"2017-05-31T00:00:00.000","Whitman","WA","Passenger","10","21","31","22009","22040","0.1406533575317604355716878403"
"2017-05-31T00:00:00.000","Whitman","WA","Truck","0","0","0","8396","8396","0"
"2017-05-31T00:00:00.000","Yakima","WA","Truck","0","0","0","57282","57282","0"
"2017-05-31T00:00:00.000","Yakima","WA","Passenger","46","60","106","159379","159485","0.06646393077718907734269680534"
"2017-05-31T00:00:00.000","Dane","WI","Passenger","1","0","1","120","121","0.8264462809917355371900826446"
"2017-05-31T00:00:00.000","Ozaukee","WI","Passenger","0","1","1","3","4","25.00"
"2017-05-31T00:00:00.000",,,"Passenger","2","0","2","255","257","0.7782101167315175097276264591"
"2017-06-30T00:00:00.000","Juneau","AK","Passenger","0","1","1","42","43","2.325581395348837209302325581"
"2017-06-30T00:00:00.000","Dale","AL","Passenger","0","1","1","64","65","1.538461538461538461538461538"
"2017-06-30T00:00:00.000","Lee","AL","Passenger","1","0","1","37","38","2.631578947368421052631578947"
"2017-06-30T00:00:00.000","Maricopa","AZ","Passenger","3","1","4","1669","1673","0.2390914524805738194859533772"
"2017-06-30T00:00:00.000","Pima","AZ","Passenger","0","2","2","416","418","0.4784688995215311004784688995"
"2017-06-30T00:00:00.000","Pinal","AZ","Passenger","2","1","3","217","220","1.363636363636363636363636364"
"2017-06-30T00:00:00.000","Alameda","CA","Passenger","1","1","2","357","359","0.5571030640668523676880222841"
"2017-06-30T00:00:00.000","Los Angeles","CA","Passenger","2","1","3","1287","1290","0.2325581395348837209302325581"
"2017-06-30T00:00:00.000","Marin","CA","Passenger","1","0","1","56","57","1.754385964912280701754385965"
"2017-06-30T00:00:00.000","Monterey","CA","Passenger","0","1","1","210","211","0.4739336492890995260663507109"
"2017-06-30T00:00:00.000","Orange","CA","Passenger","3","1","4","614","618","0.6472491909385113268608414239"
"2017-06-30T00:00:00.000","Riverside","CA","Passenger","0","1","1","794","795","0.1257861635220125786163522013"
"2017-06-30T00:00:00.000","San Diego","CA","Passenger","5","2","7","2752","2759","0.2537151141718013773106197898"
"2017-06-30T00:00:00.000","San Mateo","CA","Passenger","0","1","1","152","153","0.6535947712418300653594771242"
"2017-06-30T00:00:00.000","Santa Clara","CA","Passenger","5","2","7","395","402","1.741293532338308457711442786"
"2017-06-30T00:00:00.000","Tulare","CA","Passenger","1","0","1","199","200","0.500"
"2017-06-30T00:00:00.000","Tuolumne","CA","Passenger","0","1","1","12","13","7.692307692307692307692307692"
"2017-06-30T00:00:00.000","Ventura","CA","Passenger","0","1","1","354","355","0.2816901408450704225352112676"
"2017-06-30T00:00:00.000","El Paso","CO","Passenger","1","1","2","811","813","0.2460024600246002460024600246"
"2017-06-30T00:00:00.000","Larimer","CO","Passenger","0","1","1","75","76","1.315789473684210526315789474"
"2017-06-30T00:00:00.000","New London","CT","Passenger","1","1","2","273","275","0.7272727272727272727272727273"
"2017-06-30T00:00:00.000","District of Columbia","DC","Passenger","0","3","3","214","217","1.382488479262672811059907834"
"2017-06-30T00:00:00.000","Kent","DE","Passenger","0","1","1","72","73","1.369863013698630136986301370"
"2017-06-30T00:00:00.000","New Castle","DE","Passenger","1","0","1","25","26","3.846153846153846153846153846"
"2017-06-30T00:00:00.000","Duval","FL","Passenger","1","1","2","376","378","0.5291005291005291005291005291"
"2017-06-30T00:00:00.000","Manatee","FL","Passenger","1","0","1","43","44","2.272727272727272727272727273"
"2017-06-30T00:00:00.000","Miami-Dade","FL","Passenger","0","1","1","133","134","0.7462686567164179104477611940"
"2017-06-30T00:00:00.000","Okaloosa","FL","Passenger","1","0","1","178","179","0.5586592178770949720670391061"
"2017-06-30T00:00:00.000","Orange","FL","Passenger","1","1","2","129","131","1.526717557251908396946564885"
"2017-06-30T00:00:00.000","Palm Beach","FL","Passenger","0","1","1","89","90","1.111111111111111111111111111"
"2017-06-30T00:00:00.000","Polk","FL","Passenger","1","0","1","64","65","1.538461538461538461538461538"
"2017-06-30T00:00:00.000","Santa Rosa","FL","Passenger","1","0","1","108","109","0.9174311926605504587155963303"
"2017-06-30T00:00:00.000","St. Lucie","FL","Passenger","1","0","1","30","31","3.225806451612903225806451613"
"2017-06-30T00:00:00.000","Sumter","FL","Passenger","0","1","1","10","11","9.090909090909090909090909091"
"2017-06-30T00:00:00.000","Volusia","FL","Passenger","0","1","1","46","47","2.127659574468085106382978723"
"2017-06-30T00:00:00.000","Camden","GA","Passenger","0","1","1","184","185","0.5405405405405405405405405405"
"2017-06-30T00:00:00.000","Cobb","GA","Passenger","0","1","1","70","71","1.408450704225352112676056338"
"2017-06-30T00:00:00.000","DeKalb","GA","Passenger","1","0","1","84","85","1.176470588235294117647058824"
"2017-06-30T00:00:00.000","Fulton","GA","Passenger","1","0","1","111","112","0.8928571428571428571428571429"
"2017-06-30T00:00:00.000","Gwinnett","GA","Passenger","0","1","1","84","85","1.176470588235294117647058824"
"2017-06-30T00:00:00.000","Lumpkin","GA","Passenger","1","0","1","9","10","10.0"
"2017-06-30T00:00:00.000","Honolulu","HI","Passenger","4","1","5","585","590","0.8474576271186440677966101695"
"2017-06-30T00:00:00.000","Maui","HI","Passenger","1","0","1","69","70","1.428571428571428571428571429"
"2017-06-30T00:00:00.000","Canyon","ID","Passenger","0","1","1","95","96","1.041666666666666666666666667"
"2017-06-30T00:00:00.000","Latah","ID","Passenger","0","1","1","102","103","0.9708737864077669902912621359"
"2017-06-30T00:00:00.000","Madison","ID","Passenger","1","0","1","38","39","2.564102564102564102564102564"
"2017-06-30T00:00:00.000","Twin Falls","ID","Passenger","0","1","1","23","24","4.166666666666666666666666667"
"2017-06-30T00:00:00.000","Sangamon","IL","Passenger","1","0","1","11","12","8.333333333333333333333333333"
"2017-06-30T00:00:00.000","DeKalb","IN","Passenger","1","0","1","1","2","50.0"
"2017-06-30T00:00:00.000","Hamilton","IN","Passenger","1","0","1","56","57","1.754385964912280701754385965"
"2017-06-30T00:00:00.000","Riley","KS","Passenger","1","0","1","135","136","0.7352941176470588235294117647"
"2017-06-30T00:00:00.000","Hardin","KY","Passenger","0","1","1","122","123","0.8130081300813008130081300813"
"2017-06-30T00:00:00.000","Orleans","LA","Passenger","0","1","1","45","46","2.173913043478260869565217391"
